160 51
171 22
144 73
146 51
170 158
76 50
18 50
227 63
173 171
146 225
142 71
170 13
93 223
51 133
156 217
39 178
160 194
58 92
151 197
201 35
51 1
22 53
73 35
47 51
156 21
2 189
53 171
84 173
167 88
115 51
170 171
150 55
84 22
113 55
186 37
196 31
139 55
171 201
98 37
51 63
38 195
5 51
186 13
117 151
225 94
74 113
117 207
69 217
8 195
20 167
51 93
90 146
175 94
4 170
87 5
173 151
201 73
112 8
22 42
97 170
223 51
20 144
213 194
73 144
178 208
151 194
170 101
120 170
55 52
27 225
194 17
188 57
117 156
66 167
107 122
112 188
179 28
85 51
35 73
101 146
201 186
117 171
42 48
152 51
188 31
134 130
77 162
56 170
79 175
87 144
144 39
92 58
202 199
22 84
144 135
92 226
94 170
92 182
208 178
167 73
183 92
194 108
188 144
73 104
192 88
201 194
28 170
124 107
28 95
137 189
32 87
79 87
99 32
217 147
69 200
125 53
140 212
51 31
99 163
98 104
143 116
194 216
108 51
194 66
73 9
18 94
32 100
196 83
107 54
10 52
127 107
31 51
64 35
4 194
6 115
204 70
119 101
215 194
170 192
64 22
202 73
137 187
64 0
51 55
197 192
170 56
144 91
156 170
194 215
107 116
4 28
84 135
91 144
107 136
98 22
156 73
78 111
154 178
186 78
0 64
144 172
28 60
195 8
184 229
50 184
87 32
186 98
17 55
119 111
57 66
157 126
144 20
123 192
123 101
145 101
75 174
85 110
92 129
79 69
100 169
110 170
25 120
135 78
137 75
92 208
17 86
147 117
135 144
24 208
74 194
133 51
122 144
61 206
28 207
10 150
200 194
177 9
175 87
23 90
173 51
80 182
76 22
51 6
172 9
199 162
216 48
64 51
150 51
159 51
64 194
75 187
51 13
117 4
194 31
73 21
31 145
92 157
88 69
110 85
45 79
176 27
83 33
7 227
48 79
216 45
45 98
212 140
38 102
55 213
119 21
11 75
171 70
156 209
111 216
179 107
111 32
125 97
92 126
94 225
144 84
117 147
75 190
161 92
22 111
141 227
74 55
45 216
215 217
134 25
175 79
31 57
56 35
167 20
73 202
67 51
95 28
24 92
219 92
92 218
198 119
4 200
186 97
139 213
120 22
73 13
157 92
22 69
28 41
51 47
51 64
61 97
79 210
88 192
98 144
194 10
142 39
21 216
111 119
213 51
48 176
168 38
117 175
120 96
227 108
16 75
66 23
196 176
113 10
186 201
206 61
28 195
179 54
94 71
146 90
88 32
42 112
101 123
135 202
87 227
69 21
0 146
13 64
201 20
203 204
151 117
52 213
76 172
33 44
203 21
71 73
51 65
54 107
186 195
99 188
213 113
51 106
101 145
113 52
31 196
66 175
39 144
60 28
76 111
186 135
175 66
92 219
140 14
33 43
10 213
69 170
91 69
186 170
217 173
75 137
37 98
32 151
97 135
20 201
216 111
194 113
10 139
90 21
202 95
203 66
35 200
119 180
171 173
108 227
61 60
170 207
150 194
122 107
51 17
213 74
3 66
28 4
192 102
120 51
18 156
51 0
135 84
100 91
216 94
77 195
216 21
195 156
60 61
51 74
225 39
169 100
39 225
217 69
76 92
70 61
225 194
217 68
51 150
225 217
227 223
84 98
32 94
92 80
70 171
9 18
28 84
198 42
163 99
17 113
73 6
209 156
69 79
194 201
172 144
10 194
87 223
76 41
142 38
21 73
57 188
201 171
156 112
201 69
22 64
31 47
21 156
69 144
75 25
101 119
75 192
171 134
56 73
1 51
74 17
17 52
7 30
178 154
194 125
80 185
209 48
97 25
216 90
227 87
51 3
192 79
104 73
215 198
94 32
102 38
78 186
97 194
33 83
192 75
200 35
173 42
97 144
52 10
64 13
173 67
68 217
112 156
108 194
97 61
27 176
51 10
69 22
226 92
144 22
51 7
97 78
5 64
60 195
64 5
51 194
156 28
22 144
194 123
52 55
197 151
51 108
73 98
225 98
209 20
97 186
194 151
151 173
3 111
51 30
102 188
21 69
107 127
151 175
195 28
194 150
192 123
86 17
92 183
217 215
202 135
125 212
73 71
47 1
155 174
104 23
55 51
13 186
145 18
44 194
2 75
139 52
213 55
99 69
22 35
51 85
8 112
18 22
186 225
170 40
209 123
126 157
226 219
201 198
106 51
9 177
112 210
119 91
51 160
90 83
18 9
39 41
85 75
73 156
78 97
45 111
170 69
23 104
111 78
158 170
65 51
63 227
70 22
171 175
83 49
57 203
142 45
200 201
5 87
50 76
80 92
143 107
68 51
170 28
171 53
225 146
91 66
66 3
25 97
28 179
52 113
41 76
49 84
28 24
79 48
20 28
119 198
175 117
107 179
20 145
78 135
66 106
45 142
175 202
49 172
207 170
63 51
145 201
66 220
210 203
51 68
188 102
60 31
22 98
73 167
225 27
3 156
64 106
107 143
53 22
175 163
44 225
55 113
189 75
42 22
145 20
134 111
51 115
113 194
7 51
194 57
135 200
38 142
88 117
94 216
21 94
17 51
9 156
229 184
130 134
207 117
201 145
111 76
70 79
201 188
182 80
87 51
162 199
57 31
196 21
155 190
51 227
13 194
171 117
69 88
106 66
37 186
116 107
113 139
51 87
94 145
60 98
52 51
134 171
7 63
187 75
13 73
144 122
28 45
32 21
106 64
51 173
139 113
113 17
111 3
84 49
40 170
194 97
31 188
194 64
182 92
83 156
100 119
172 206
64 20
71 142
92 24
22 18
75 11
150 74
155 75
43 33
98 186
156 83
175 151
55 10
35 56
51 86
147 194
111 134
219 226
71 51
55 194
208 24
93 1
223 93
51 141
204 203
194 51
84 28
200 69
170 97
194 39
84 120
225 186
83 44
47 106
129 92
94 18
32 28
30 51
176 48
28 156
144 99
170 4
125 49
51 67
201 68
172 44
98 216
48 42
156 3
41 39
27 120
53 199
51 52
22 171
64 146
126 80
22 72
69 91
13 51
180 119
39 142
196 60
106 47
92 185
10 51
194 160
21 119
22 70
227 51
66 194
139 17
52 139
75 85
97 195
90 196
94 73
113 213
155 187
223 5
187 137
83 90
170 194
21 203
51 223
51 146
96 120
101 170
175 171
202 175
31 60
91 119
75 16
73 56
203 210
35 12
95 202
185 80
74 150
156 18
150 10
10 17
194 170
172 49
173 217
170 156
32 73
169 194
98 84
201 85
188 99
84 94
86 51
31 1
174 75
144 69
67 173
53 216
69 201
227 7
91 100
55 139
160 65
102 192
75 2
32 99
20 111
53 125
38 168
97 123
210 79
35 201
20 64
170 94
110 156
59 51
192 170
126 92
172 76
135 97
209 167
9 172
66 57
156 117
98 225
117 88
41 28
194 55
170 25
79 45
217 156
96 170
192 197
69 99
136 107
194 101
10 74
198 201
223 87
156 8
195 60
195 38
8 156
89 6
120 25
1 31
185 92
167 66
18 145
98 73
111 20
93 51
55 74
134 142
22 20
216 194
51 159
92 76
68 201
125 194
23 66
73 201
76 70
113 51
73 94
30 7
195 77
31 194
201 115
150 113
70 76
90 216
70 204
66 91
12 35
194 200
167 209
74 68
45 28
54 179
32 88
174 155
44 206
184 156
192 13
51 71
83 196
17 10
32 111
209 221
111 123
28 20
44 33
75 189
42 198
194 44
115 201
162 144
150 17
194 13
44 83
206 172
123 97
125 29
44 172
93 6
99 144
73 32
200 4
21 32
48 216
189 2
146 101
98 45
213 10
178 92
194 213
94 84
74 10
194 146
220 66
170 42
6 89
194 225
189 137
146 0
116 143
145 94
24 28
170 186
63 7
14 140
213 17
51 59
51 5
17 74
48 209
171 170
201 200
120 27
51 113
98 60
184 50
196 90
135 186
144 98
227 141
79 192
111 22
190 155
51 120
187 189
74 51
0 51
113 150
156 195
176 196
49 125
194 4
66 203
10 113
65 160
139 10
206 44
17 213
88 167
20 209
39 194
9 73
144 162
144 87
123 209
120 84
189 187
216 98
72 163
146 64
35 64
221 209
104 98
25 170
80 126
170 110
142 134
20 22
6 1
119 69
144 97
170 96
43 120
84 144
101 194
85 201
42 170
208 92
156 184
87 79
217 225
151 32
28 32
10 55
203 57
50 18
188 112
199 202
178 39
146 194
188 201
94 175
1 93
51 66
44 95
223 227
115 6
68 151
213 52
6 73
97 68
51 152
1 6
69 119
75 155
25 75
173 84
68 74
3 51
35 22
6 51
207 28
87 175
107 124
25 134
194 74
147 217
163 175
49 83
156 110
210 112
111 45
71 94
112 42
123 194
1 47
123 111
212 125
218 92
170 120
21 90
97 125
216 53
17 139
68 97
113 74
195 186
74 213
72 22
141 51
199 53
194 147
13 192
48 151
51 213
17 194
163 72
55 17
213 150
4 117
52 17
145 31
144 188
119 100
47 31
66 51
95 44
22 120
60 196
57 194
156 9
13 170
151 48
92 161
29 125
194 169
92 178
200 135
162 77
42 173
213 139
22 76
187 155
190 75
17 150
120 43
55 150
198 215
5 223
195 97
61 70
94 21
151 68
79 70
21 196
51 139
100 32
6 93
90 23
150 213
225 44
139 51
