3339	2405	1
15729	19171	1
27096	5662	1
49847	30242	2
44081	49766	1
3750	51757	1
52249	54270	1
4794	9765	1
36215	54754	1
32948	22543	1
15245	22919	1
19597	46396	1
11578	38306	3
53654	29706	10
51489	17835	1
46146	6266	1
20514	41173	1
33666	33668	1
37981	13593	1
17835	4831	1
19516	7060	3
22284	45009	1
55048	41831	1
35660	42428	1
49433	49198	1
37149	42093	1
7060	2880	1
42645	44517	1
11745	9978	4
8148	33265	1
12806	19376	1
2691	52306	1
29428	9835	1
7643	13846	1
41256	7871	1
18213	19278	1
48721	50325	2
42311	16054	6
4044	17915	1
7730	353	3
23346	31942	2
37436	35698	1
4580	23742	3
22738	51713	1
13919	15831	1
49122	48011	1
12093	2266	1
22067	19801	1
15305	38956	5
7925	22052	2
49241	37002	1
29898	9162	1
36389	46623	2
44260	50417	1
41741	38455	1
24658	50989	2
46597	9511	1
36822	14609	1
16612	54081	1
7615	26767	1
36299	46671	1
46997	21364	1
34790	16811	1
7676	25213	1
46934	40694	1
29964	45065	1
47467	55722	1
14337	53199	1
51887	35626	1
13962	52337	1
30040	36624	1
36062	48617	1
50762	39327	1
32160	7304	3
32445	31382	1
31000	11315	1
207	14126	2
24520	31602	1
16623	27369	1
22677	54081	1
9318	55460	2
10339	33943	1
46660	52631	1
26185	50314	2
44254	11854	2
45510	47328	2
21565	36370	2
28902	31002	1
47220	34258	1
4533	50149	1
48092	33114	1
26385	35653	1
49540	35650	1
38451	35043	1
34142	45463	1
9227	14909	1
34364	52893	1
8017	32689	1
8165	1069	1
1866	28739	6
52971	51207	1
917	54261	1
48762	18067	1
3190	49478	3
23973	48789	1
26573	43425	1
26606	3533	1
41263	50914	1
42491	4764	1
33573	45758	1
51048	12119	1
9141	21493	1
44242	3585	1
36348	22548	1
51668	47888	1
36795	19471	1
48137	29540	1
53193	32348	1
1163	33539	1
37115	28518	1
41912	51161	1
6136	1289	2
40022	54398	1
19287	9967	1
24244	19725	1
13840	21990	1
20798	22098	1
43567	54000	1
45822	47095	2
21027	44033	5
16623	50527	1
33412	50468	1
22287	13386	2
26826	15199	1
5812	6565	1
6293	53267	1
10329	39381	1
167	42237	1
889	7992	1
7466	7338	1
3887	44119	1
48983	34768	1
9411	14257	2
24104	54453	1
1815	7388	1
40947	27549	1
5637	44156	1
8144	35678	7
26601	39845	1
33294	26406	2
18001	29879	1
47198	10218	2
48613	28252	1
3920	51102	2
19037	11854	2
12860	39836	1
1996	6544	1
41749	6056	1
44406	47511	1
55585	35706	2
13332	28843	1
38587	35613	1
28750	10791	1
9553	40641	2
18016	31211	3
21126	7693	1
15786	25005	1
35937	42526	1
29019	36110	1
31329	7188	1
23035	32457	1
5911	43272	1
53083	38390	1
16286	7001	1
1176	611	1
20373	47225	1
39882	52210	1
13392	10714	1
8175	29614	1
34775	11284	1
55274	20949	1
25253	26486	1
35548	32383	1
55202	713	3
28100	32665	2
35153	47869	1
29092	49316	1
20762	34142	2
39196	11854	1
45651	47301	1
22558	39196	1
40747	20738	2
19296	4625	2
40015	32058	1
51086	44478	1
8090	36894	1
4421	34961	1
28874	43188	2
3646	30340	1
28319	22023	1
54814	1001	1
34368	19612	2
51655	53100	1
7055	19213	2
44821	28672	1
38306	36640	1
11811	21232	1
55183	29929	2
52971	14068	2
14611	45622	2
52264	5094	2
48225	7785	1
53201	23094	1
32586	6073	4
502	40339	1
19386	49800	1
45136	5812	1
21894	53199	1
54921	16490	2
52667	12865	1
32771	48177	2
12311	19013	2
35570	40477	1
21661	10465	1
17769	22119	1
21316	35912	2
45008	9519	2
45219	8892	1
50757	22968	1
30854	28976	1
16326	18024	1
51300	18157	1
36635	28051	1
50514	34222	1
45463	4998	3
35993	29392	1
37409	44100	1
16131	37361	1
31733	28609	1
15433	428	1
41010	22868	2
22311	16631	1
28781	48866	2
37571	5844	1
33604	47888	1
27714	5348	2
16524	33317	1
33674	23419	1
49636	1700	1
45652	19005	1
40138	54183	1
45477	40746	1
32786	26606	1
53442	16723	1
34594	46163	4
19061	47609	1
31417	1770	1
16124	2829	1
26007	11385	1
22385	51639	1
21296	50605	2
23027	12804	1
27820	30963	1
11238	38637	1
2804	22448	1
41683	30340	1
9294	15403	1
36600	55258	2
3941	20899	1
25659	18290	1
35838	52527	2
24753	14412	1
15827	37929	1
51618	26487	1
54662	40878	1
7594	6600	1
32647	13060	1
33935	5216	1
44071	14664	1
9292	1355	1
22974	16474	3
36822	7386	4
39419	12767	1
43833	10511	1
28778	25091	1
53305	19725	3
12583	4277	1
20675	40376	1
15169	36113	1
29512	9107	1
29891	28785	1
34219	2035	1
54451	22147	13
5212	19775	1
3341	13614	2
25229	48025	1
45798	47208	1
39992	17545	1
43824	8392	1
18516	7905	1
29689	3025	2
7934	15732	1
53612	35478	1
25112	44743	1
1930	13167	1
31273	14367	1
52432	26075	1
21264	14198	1
5790	23503	1
14876	32679	1
27187	17710	1
20745	36675	2
41664	28229	1
38057	50535	1
3414	21456	1
39080	12961	3
36662	24774	1
444	16595	1
14991	5920	1
24970	19019	1
12637	10041	1
41197	6664	1
14500	49884	1
15743	35106	3
13766	30854	1
33656	10791	2
30291	31329	1
14740	39992	3
53584	52542	1
16674	37892	3
46876	767	1
43119	28265	1
16791	7523	1
13181	7175	1
45987	15877	2
10714	53100	1
33401	43083	1
44871	36323	3
45854	13212	1
41745	46788	1
31168	47290	6
6888	27075	1
19229	42600	1
7683	33057	1
42923	11102	1
21785	35873	1
4664	20949	1
28124	36579	1
53121	43933	3
18915	36068	1
48726	12486	2
38916	7471	2
16801	46256	1
46541	43832	1
47299	9780	1
20592	2156	1
52929	17731	1
41190	22485	1
50600	6125	1
29812	42613	1
23679	54753	1
43372	668	1
18450	20738	1
3730	33565	2
42828	35424	1
46402	53270	1
15021	49277	1
48881	20724	1
29558	14205	1
6241	5611	1
18618	3558	3
5268	31005	1
49260	43372	6
33451	52886	1
10332	18598	1
23570	16196	2
31580	21769	1
13460	52920	1
25885	10965	2
43477	5517	4
25546	30054	1
20952	34201	1
13928	43331	4
47594	36014	1
32521	22210	1
18831	46984	2
28870	23566	3
26610	1974	1
2632	51086	3
8143	35970	1
25841	5455	1
52010	40594	1
32460	5258	1
38918	35845	1
36943	48509	1
44231	38451	5
32149	10041	1
40152	21650	1
22652	14520	2
29856	9967	1
38509	23258	1
26444	55095	1
50722	42652	1
53256	6872	2
40810	26132	1
47480	13636	6
44537	23749	1
35313	53590	1
34655	54490	1
24369	24988	1
4580	18213	1
29337	5979	1
50501	12660	1
25901	23055	2
5149	9337	1
53270	20986	1
37578	24808	1
54123	24057	2
51451	34802	1
41645	31712	1
22528	44248	1
46826	15569	1
32699	8589	3
193	37192	1
47497	34337	1
17926	46156	3
1159	15639	1
54166	20769	1
54227	46651	1
52113	32778	1
42375	44667	1
16638	37886	1
9765	20396	1
29922	38879	1
37761	55529	1
22592	48680	1
13619	12861	1
16891	12078	2
46144	44114	1
33738	10159	2
37313	42257	1
47198	5535	3
31700	40500	3
18590	33866	1
11125	16883	1
45467	53476	1
44033	21027	5
25092	43188	2
1627	13636	1
33290	46498	1
25531	52224	1
16841	30273	1
38875	38762	1
49896	34935	5
53658	9671	3
16558	12951	1
34215	1995	2
45011	9253	2
45079	21651	1
4550	48351	1
19061	11165	1
3870	53071	1
35820	6167	1
15798	44390	1
45892	36193	1
28822	54782	1
16229	29486	1
11142	954	1
13374	12119	1
14520	33874	1
31911	10581	1
30273	16841	1
8861	32775	3
47559	40442	1
20681	21927	1
22200	28504	1
40589	38488	1
46047	1105	1
74	4370	1
41949	29759	1
54019	19883	1
38883	54548	1
35442	21264	1
25487	19044	1
46843	10309	1
54743	35746	1
42693	14728	1
41397	37214	1
11276	77	1
32149	16501	2
38467	52110	1
4065	15488	1
18590	42817	1
17064	30720	1
6155	6159	5
11914	37163	1
32314	22732	1
44418	17900	2
48861	31712	1
14330	36616	1
11770	20724	1
6686	43836	2
26533	23564	2
11078	17207	1
2711	50458	1
40164	36698	1
38513	36164	1
38239	45616	1
18079	28403	1
34093	26337	1
21669	32851	1
18421	21724	3
77	2924	1
13379	53590	1
21920	28454	1
38793	54019	1
32115	13817	2
8549	12377	1
29009	48885	1
26963	6176	1
33341	30000	1
11854	8927	1
50433	21720	1
34004	41400	1
19791	27243	2
3640	54071	9
49085	5159	2
15457	45697	2
6976	38808	1
41646	54926	1
30945	11503	2
8649	55015	1
21057	8212	1
42147	40201	1
52392	29313	1
39273	2090	1
48921	40386	1
10937	30809	1
9152	40469	2
44835	2184	1
9821	31569	1
10453	43542	2
18337	16814	1
714	12345	1
193	40218	1
19860	47407	1
7488	44747	1
20400	25637	5
33279	2965	1
7181	19738	1
38760	34741	1
13877	602	1
45894	53958	1
38251	7756	1
22116	51335	1
8707	16087	2
21281	22015	1
12440	36965	1
31447	3936	1
52231	15877	1
18462	48056	1
39360	9110	1
25637	355	2
9626	45249	1
18902	6710	1
54320	32889	1
42755	8783	1
26486	43259	1
29241	16374	3
35981	872	8
43390	9557	1
15121	33089	1
31414	27283	2
29540	45108	1
29689	34928	1
25890	50371	2
38762	17383	1
27180	38451	1
50381	25620	1
39978	52079	1
16452	2688	1
8582	36050	1
12841	17261	1
46894	24471	1
25665	54694	1
43384	49260	1
13598	9513	1
32750	9514	1
51083	22121	1
20206	9539	3
7742	18443	7
17975	14121	1
33778	26286	1
19810	2412	1
77	3367	2
27066	37851	1
41997	52300	1
27817	41743	1
31868	19125	1
4742	45071	1
39527	50640	1
6314	4240	1
41751	2889	1
2128	44248	1
8090	3560	2
3931	35215	1
11172	4233	1
37409	44485	1
20299	11844	1
19037	449	2
11263	16326	1
43033	36936	2
33478	39301	1
9276	41834	2
8944	53201	1
49716	44613	1
27938	40728	1
48843	23326	2
41179	39810	1
30405	43372	2
21110	39992	1
55209	48644	2
38677	14917	1
44521	22592	1
36142	34807	1
40222	42855	1
2982	22052	1
22798	12156	1
23373	52562	1
35113	37452	5
8861	935	4
27928	4174	1
24554	50666	5
54038	2778	2
7168	35168	2
44185	1664	1
52179	36593	1
30218	49260	1
16838	18366	1
44961	47301	1
29689	32759	6
4346	33322	1
7054	34306	1
52426	20698	1
27012	37803	1
29439	51647	1
45497	5994	1
9227	20158	1
29600	25244	6
13962	41344	1
6418	39735	1
12533	17123	1
43947	12225	1
48202	7853	1
29487	42677	16
1678	51102	1
55071	22052	1
48134	22467	1
33148	49634	1
15516	25756	1
2510	50914	1
31672	28780	1
3090	49401	3
53748	50616	1
51139	12305	2
38080	17312	3
46730	31174	1
26049	14117	1
36144	51048	1
55427	53286	1
2627	1667	1
43234	49507	1
10006	45494	1
785	50867	1
1487	38084	1
17700	7766	1
29538	1981	1
53957	37235	1
30021	31237	1
25956	8440	4
49331	50251	1
53095	41340	1
49683	54468	1
31844	14886	1
45033	11050	1
31538	15000	3
10751	17353	1
34639	21514	1
8784	35462	1
32208	10006	4
26414	47007	1
22315	1074	1
1741	30365	1
21752	27361	3
2280	35148	1
53891	36023	1
150	13379	1
3098	40138	1
51343	22814	1
4503	16809	1
42740	32586	1
4591	2125	1
43953	7798	1
19054	9318	2
50871	11862	1
9318	25111	1
4588	12153	1
5341	37382	1
38627	33058	1
50914	24770	1
45602	37591	1
31382	4000	3
7138	15942	1
44418	44124	1
54645	23510	1
25274	5917	1
19618	961	1
30188	10139	1
16551	13482	1
28815	540	1
24081	29477	1
13642	27829	1
49958	11931	1
46986	18247	1
36358	41221	1
29597	41683	3
24640	16779	1
20844	10539	1
49552	32597	1
5092	14079	6
7002	29475	1
32221	8433	1
45822	11483	2
15962	11650	1
49011	18630	1
53090	16227	2
45920	40991	1
22194	36419	1
22337	6544	1
16838	4271	1
24840	26478	6
27220	36294	1
51842	21920	1
42331	38530	1
32583	44381	2
48301	37901	1
6240	14119	1
45008	49360	2
9276	12070	2
809	14437	4
44105	50827	1
52759	19911	1
44248	26620	1
15915	31891	1
10251	6879	1
34448	22178	1
46625	20991	1
51804	21160	1
2534	32822	1
2750	20545	1
45234	16390	1
52990	55536	1
33112	23094	1
24825	42765	1
36694	17648	1
49102	20120	2
4487	32717	2
416	33851	1
8927	37078	1
22833	36031	1
45008	37146	1
43398	13363	2
8491	47793	1
36701	21232	3
21767	33321	1
1266	38875	1
34146	17168	1
49806	4868	1
19222	25352	1
18453	39758	1
29986	6343	1
50417	29584	1
53208	13367	1
23510	8225	1
53741	54181	1
35101	13515	5
6131	42645	1
50992	10169	1
52721	2820	3
33737	37218	1
39329	30701	1
35969	16012	1
11810	9990	1
22551	45704	1
2372	28098	1
23621	55536	2
20702	9720	2
36518	36809	1
7068	18405	2
43745	45544	1
16546	38521	1
117	5637	3
34570	42954	4
33004	35566	2
6196	519	3
37454	24465	1
5994	35990	1
23953	1594	3
49050	30553	1
45478	45940	1
10278	36935	2
44304	37273	2
42553	36598	1
32850	29269	1
49369	7143	1
9324	52067	1
13688	39709	1
13308	46644	1
10345	21591	1
24530	33101	1
22206	48187	1
53704	30904	2
51492	338	1
26287	52924	1
45562	44292	3
37741	54474	1
51577	20704	2
50210	12777	1
20405	55007	2
49757	7037	1
26746	37331	2
3967	19037	1
19855	13167	2
21127	19399	1
55616	52520	1
15119	3875	1
9176	32105	2
20485	32888	1
3341	541	1
5908	14488	1
3753	7355	3
8599	8925	1
55084	3557	1
3775	11254	1
39548	41664	2
45151	1834	1
53352	22485	1
30970	29689	2
51947	26653	2
46163	51269	1
18208	50134	2
55430	37779	1
25152	5300	1
43546	14029	1
44933	22389	1
53151	50122	1
51035	24427	1
2181	31036	1
15449	17014	1
40201	31252	2
12395	27781	1
5023	8908	4
11156	13363	1
45337	15515	1
14673	18753	1
2684	1319	1
16771	41468	1
30089	52746	1
23710	29477	1
11760	38800	2
46519	37790	1
14191	53674	1
7615	1291	1
21337	55544	1
46818	24691	1
7002	53326	1
4871	11849	1
37507	37105	1
31319	8093	1
36768	36960	1
18213	21969	1
14194	42869	1
8901	37981	1
37058	45059	1
12499	55438	1
44725	44971	11
35036	32063	1
46934	35993	1
48520	45029	1
8210	13956	1
39596	48359	1
40386	9387	1
49716	33373	2
38218	49088	1
34164	259	3
51922	15836	1
20086	52804	3
4318	31602	4
23547	10937	1
36822	3751	1
24506	49634	1
46096	3128	4
26822	33394	1
27077	33740	1
17196	37178	1
10937	20206	1
17515	47673	1
34196	48935	1
12303	45389	1
51028	10651	1
27739	30915	1
9368	12836	1
12428	29603	1
52027	416	2
23182	40940	2
33570	28559	1
29759	8595	1
38497	54559	1
772	14917	1
26468	15458	1
48939	24796	1
28871	20847	1
12401	31476	2
9947	29160	1
43468	1215	1
32934	19663	1
30866	12371	1
47727	40641	1
3072	12596	1
55556	11735	1
42165	52505	3
23515	2725	3
14150	21382	1
55028	51048	1
34508	38456	1
21903	12005	1
49883	2470	6
6145	7845	1
3065	44196	6
25745	53549	1
2233	10477	2
23987	50780	1
47877	9571	1
53739	28088	1
18566	46886	1
22629	36620	5
25227	13205	1
16318	37022	2
5002	2291	1
40655	14123	6
20396	23559	1
10855	50381	1
6589	35115	1
32115	47394	10
49818	3168	1
19692	34245	2
54806	31515	1
8024	55536	2
38829	41801	1
45553	34873	1
49471	9687	1
43032	41328	2
23017	39386	3
37468	41745	2
54398	4390	1
45749	55590	1
54996	30422	1
5853	43990	1
49918	29336	1
10236	548	1
55654	22751	1
17282	42956	2
45466	12742	1
55529	51789	1
39656	44567	1
37182	30939	3
47239	14130	1
34256	10005	3
33360	23947	1
12170	40797	1
4431	12073	4
42309	43762	1
36964	12266	1
27514	38342	1
5818	55522	2
35248	21126	1
6887	29700	1
332	18398	1
51225	45748	2
19031	6511	1
44381	23961	1
12501	41775	1
8583	46163	1
50368	36023	1
6842	30384	1
35586	1207	1
37129	1861	1
43874	13374	1
36611	50380	1
21805	26426	1
54257	23461	1
33347	19680	1
11854	10099	1
35873	4609	1
34624	34401	1
11854	40244	1
2870	18537	2
31789	33935	1
15716	28440	2
4825	1102	1
9447	12819	4
54356	33294	1
12938	33550	1
18555	6926	2
54019	12311	1
14662	32356	1
47738	7760	2
34596	4368	2
39002	40641	1
15734	47585	1
54484	48051	1
2053	15021	1
13114	54529	1
22454	27956	1
37065	28216	2
54381	32458	1
9063	16729	3
10466	25283	1
34368	53666	1
51732	44058	1
7369	34198	1
5131	29423	1
25418	25102	1
37313	48307	1
4680	30751	1
26533	38256	1
48224	44557	1
2090	20899	1
29521	49101	1
9590	3363	1
32429	18004	1
9689	17506	1
42818	22043	1
28172	45763	2
17371	30054	1
7025	20686	1
37916	22721	1
32716	10996	1
49961	47637	1
28279	43288	1
28431	15518	1
19171	77	1
14280	7004	1
40718	3307	1
28197	9031	1
39356	20372	1
1973	20715	2
2092	14448	2
10268	7665	1
25413	38451	1
8225	28500	3
9656	20510	1
40283	32378	1
49000	24961	1
6359	12276	1
8134	20930	1
6879	33660	3
13642	8144	1
32836	25947	3
22566	24071	1
21565	18807	1
1908	15427	1
597	5070	1
34986	50378	1
55227	33656	1
49377	41000	2
28051	34624	1
51872	22376	1
39334	43217	1
20298	5150	1
43763	26258	1
12714	43728	1
36193	41472	1
16364	33403	1
38762	32024	1
22592	43372	1
30801	54494	1
52611	45822	1
40344	41862	1
15792	17392	1
10539	34120	1
2342	22747	1
24572	32063	1
6766	28026	1
9898	45703	1
25069	8223	3
15233	19663	1
42662	47929	3
49115	23561	1
20351	24804	1
1530	16784	1
41951	38313	1
51264	36936	1
20724	1017	1
2870	17512	1
50792	48214	1
20136	46798	2
25784	34245	2
34164	27190	1
39179	5836	1
38947	18141	1
11635	14520	4
50782	29015	5
48503	17584	2
19671	19235	1
51316	32817	1
47977	3976	1
9433	1138	1
12245	52179	1
8273	39072	1
29614	25151	1
13078	32120	1
10271	37234	1
51543	29588	1
33017	27827	1
54043	6026	2
14740	30340	1
28262	29333	1
43954	20866	1
10511	14488	3
51459	6691	1
11254	45595	1
4006	35137	1
9809	44851	1
28865	3646	1
8642	31902	1
48101	13719	1
30381	50860	4
5824	49352	1
26347	51980	1
7798	345	1
33364	45680	1
37907	20592	1
54198	39332	1
24876	54854	2
65	11052	1
14725	23817	1
7175	36190	1
35121	52759	1
33177	23822	1
23228	13129	2
155	3150	2
43845	50663	1
28651	20489	1
20769	3573	1
40429	12419	1
5080	11483	1
32277	13928	1
52673	7828	1
16052	20253	2
35998	53030	5
27871	8075	1
33729	46570	1
32239	27739	1
34297	44948	1
38869	18835	1
43418	43090	1
15730	18871	3
1718	14741	1
4215	49991	4
47560	6328	1
48545	45014	4
7144	45502	1
42255	1441	1
21821	43747	1
45862	38846	1
8935	23283	1
18542	41593	1
49859	5147	1
38151	39015	1
27030	35737	1
42988	7868	1
17055	5761	5
624	5776	1
30573	37283	1
7060	51373	2
47600	31095	1
32996	19896	1
12593	13763	1
12028	5149	1
46937	16442	2
43589	23510	2
35838	16750	6
29951	52508	1
3545	6812	1
29619	9807	6
38013	20100	3
11448	37187	2
11883	40940	3
27009	41122	1
26480	1616	4
20845	4469	1
50606	9970	1
13190	5399	1
30191	41148	1
37313	15621	1
15393	3382	1
47541	10438	1
41779	6456	1
42013	42828	1
51388	25253	1
42451	48776	1
8589	32699	3
50535	32370	1
2960	28504	1
10965	26046	1
27104	15534	2
18361	3962	1
7647	22551	1
55500	45624	1
816	19078	1
6064	6879	1
29146	13112	2
31007	40723	1
11789	38199	1
17907	44593	1
550	45133	1
10002	4808	1
6923	43927	1
20450	22043	1
36193	41664	1
22968	13257	2
15022	11709	1
52215	18749	1
5228	48252	1
29105	12183	1
31153	3055	1
9664	29093	1
23502	26040	1
17885	41877	1
37497	11142	1
34988	1248	1
12170	10855	1
30384	789	1
38516	11017	2
1995	8142	1
32531	26111	3
3098	1868	1
10114	34076	1
38296	45125	1
36581	5355	1
25627	7002	4
16704	33729	1
3188	16638	1
4873	48476	3
24493	23370	1
35478	15665	2
34023	54000	1
35480	41744	1
47693	9873	3
36517	51582	2
17686	36105	5
19270	42623	1
51210	20663	1
46934	44105	10
830	24193	1
15483	20414	1
34784	21429	1
40009	7369	1
10685	24347	1
35299	22454	1
37460	41789	1
17290	31943	1
53412	14657	1
38762	45933	2
12837	52148	2
40741	17347	1
16023	37300	1
4131	50381	1
21265	45724	1
39146	14520	6
42574	49137	1
40608	5182	1
20867	52411	7
17385	31866	1
32586	1116	1
2520	29451	1
48522	43568	2
48643	24119	1
43939	55426	1
37246	16651	2
35113	10412	4
28546	20563	2
6879	15479	1
18664	1741	2
5927	52111	1
34448	52131	1
27795	4348	1
11377	18172	1
31653	31628	1
7521	8514	1
20122	30036	2
55501	17134	1
50479	6879	1
4773	53480	4
39197	8780	1
17434	26416	1
7078	34867	1
34097	31223	1
4488	29950	1
16038	49686	1
48828	26315	2
31	18033	1
50378	16784	1
48934	52102	1
30969	5304	1
42670	40653	1
5084	6463	1
4993	38059	1
7119	48188	4
53590	49240	1
35	31007	1
20431	1141	1
17515	54511	1
30122	16986	1
15382	37981	7
2679	32992	1
42375	16440	2
31583	27579	1
54654	20572	1
37567	4155	1
7587	37436	3
55357	11682	1
48673	20211	1
17130	18949	1
40246	12693	1
52193	7742	1
19107	51459	1
40372	7402	1
22118	22699	1
11522	51695	2
6237	23192	1
4894	26921	1
18438	38248	1
47964	47889	2
54662	41664	1
19897	9658	1
41922	22210	1
24062	43712	2
49244	38936	1
44248	32149	2
43381	21982	1
52080	39815	1
18887	24364	1
48172	21692	1
49251	3646	1
7355	8615	2
27534	19000	1
20465	30032	2
19412	5691	1
47800	6109	1
35054	45057	2
8327	48066	2
17441	16925	1
41581	30748	1
28751	46660	1
36279	1869	1
17732	34791	3
37395	53017	1
39912	15205	1
21744	47289	2
20835	37624	1
13706	44648	1
16215	33383	2
16790	41152	2
28343	49778	1
23014	30864	2
10486	31102	1
49599	47982	1
17951	26111	11
18482	47706	1
15604	38760	1
50240	25948	1
13751	54596	1
8148	21960	1
54588	1807	1
5149	30644	1
15342	23551	1
39402	44381	1
23461	52684	1
18379	31437	1
13432	50564	1
39451	32761	1
53345	13337	1
51532	33464	1
19023	45703	1
9514	24479	1
50660	41791	1
36472	36455	1
43502	28340	1
22393	32146	1
14166	40830	2
7247	15033	1
47948	240	4
46227	41066	1
816	11854	1
44261	5925	1
21939	41713	1
48115	42616	1
28389	19996	3
8673	53433	1
6944	17230	1
12306	23970	1
18898	46950	1
22388	25025	1
37144	51394	1
30394	28416	1
39166	2996	1
48351	44407	1
12225	9608	4
11486	46997	1
49480	15487	2
43821	4285	1
19551	42062	1
35336	25213	1
38736	50666	1
23326	22634	3
12579	862	1
10297	30235	1
19059	30360	1
21806	35022	1
36060	29662	1
29894	36078	1
47724	46013	1
33082	34482	1
36353	762	1
5499	17545	2
43753	24362	2
38889	40386	1
22468	53352	1
19146	18061	1
49939	33804	1
30908	46318	1
9608	36697	1
54158	17813	1
16886	48160	1
31412	26878	1
31975	46862	1
10175	8459	2
21831	5006	1
40606	11040	1
54941	14520	1
39418	26350	1
24108	28689	1
22737	43290	1
34750	38956	1
34774	1185	1
35614	53088	1
5298	4591	2
4946	11776	1
33656	36275	5
8530	11608	1
20688	49360	1
51804	40706	1
20858	45838	2
27020	55713	1
26886	14015	1
3512	9482	1
5067	35781	1
9553	59	1
36275	48137	10
45624	17825	2
14381	6266	1
33561	16750	1
22256	9691	1
1253	5298	1
23569	46741	1
34364	41683	1
24378	43619	1
2024	11143	3
15386	21788	2
32223	36487	1
27338	48360	1
988	10679	1
15163	19470	6
7274	32063	1
15027	1940	1
40274	45772	1
20146	45338	1
43061	6899	3
44185	35398	1
18817	21707	2
2882	49766	1
40385	49178	1
13332	31625	1
16131	15661	1
45976	11142	2
35898	13075	2
37907	44961	1
43824	23955	1
22366	10563	1
51997	31139	1
33569	8785	1
1880	20872	1
32586	50245	1
32620	47695	1
42387	16406	1
16033	10826	1
36979	23258	1
26983	1546	1
38954	19374	1
36871	14191	1
6853	20134	2
31000	36190	1
21733	40775	1
25187	55601	1
1223	50806	1
25988	35196	1
29584	4206	1
36600	44079	3
40290	9444	1
31330	14371	1
33143	53673	1
5304	38822	1
29097	41841	1
14794	36440	1
8496	51007	1
48182	19435	1
38198	51761	1
38117	41759	1
7002	20610	1
39132	1986	1
5315	46237	1
50324	50497	1
49359	46528	1
15044	40094	1
30036	20616	1
12777	497	3
30637	9965	1
7878	15062	1
12545	15156	1
14032	27637	1
16578	35717	1
31957	2453	2
19685	36405	1
6267	47208	1
19877	39561	1
46192	7202	2
5149	7471	3
50990	2938	1
43182	21773	1
26335	28864	1
16047	3210	10
7876	50737	1
43874	22956	1
7804	4488	4
4863	23994	3
22212	8203	2
36584	29375	2
37935	54350	1
16966	55445	2
37806	6820	1
51204	46336	1
8604	12291	1
4492	43018	1
38942	49724	3
24267	31196	1
17123	38665	1
5358	52170	2
43693	31781	1
19850	3563	2
32365	6454	1
40864	12915	4
50081	12077	1
7133	29296	1
39603	26024	1
44430	44208	4
4307	27346	1
31338	39006	2
51888	16141	1
1293	29985	1
2258	10002	3
29771	5124	2
54158	14130	2
47812	51491	1
37650	54081	1
11746	18939	1
4766	32956	1
17567	1968	1
49294	21283	10
41411	52482	1
46357	7843	1
39113	37313	1
40168	48500	2
5426	3108	1
16884	26827	2
45895	36589	1
11314	25349	2
18292	32756	2
42571	3667	1
34413	32638	1
19245	48645	1
13813	48493	1
13076	27309	1
49877	8628	1
9253	46468	1
36822	16524	3
9961	45224	1
47738	31078	2
47545	31612	1
14662	12025	1
41189	19219	1
24528	20952	4
7355	27803	1
3158	394	1
50929	44669	1
44700	44988	1
47198	52056	1
20762	9318	1
39733	42163	1
14823	50283	1
22485	6112	1
28887	22667	1
30872	2967	1
42228	53574	1
37507	45779	1
38911	47970	1
8165	19443	5
37365	36904	1
18786	26313	1
53926	23475	1
39302	6280	1
24056	8439	1
46715	11854	1
5626	21036	2
47509	29186	2
19013	9176	1
1659	22223	1
33254	26295	1
49307	27276	1
35790	51992	1
27079	47970	2
37365	47049	1
37313	50677	2
35986	43114	2
29276	13112	1
33519	49541	1
36768	15614	1
23137	30188	1
40955	10059	3
25227	51387	1
35171	47675	1
52056	8358	1
448	48879	1
820	5888	1
42359	7263	1
17835	4974	2
13205	20583	1
1105	5149	1
19041	9128	1
4998	7002	1
4140	36624	8
6735	48180	1
12299	28512	1
14823	28279	2
49106	15458	1
43511	21296	1
29448	32888	1
33347	25276	3
23510	7790	1
16038	95	1
47807	24552	1
35859	930	2
42851	31914	2
48541	1880	1
53592	8327	1
8576	8716	2
45009	7291	1
52518	7355	2
11380	54378	1
24812	47660	2
55555	22755	1
54869	4232	1
28555	36193	1
9318	55258	1
10972	30522	1
12079	11745	1
14746	4965	1
25234	31446	1
39568	44685	2
44551	54453	1
7282	14277	1
18324	16417	2
35529	31977	1
35660	15512	1
15729	41949	1
36275	6309	10
4472	31692	1
31425	193	1
47334	43004	2
2782	45963	1
20948	5031	1
8879	10345	4
50676	17922	1
42662	46610	3
41684	1752	1
54785	40142	1
27913	14862	1
19915	42830	2
50804	47346	1
39027	22814	1
31199	42597	1
22119	30279	1
44481	7615	1
2796	8616	1
27981	31068	1
17555	42437	2
290	54572	1
2636	8371	1
54397	20872	1
30384	1137	1
36370	25010	1
9917	32115	1
39093	10318	1
19793	18494	2
6401	15153	3
21517	27727	2
34807	3168	1
8040	21022	1
43442	34311	1
7707	40641	1
55690	16989	1
53207	36488	1
27520	4472	1
23456	36699	1
30387	4562	1
26409	18427	1
8916	49161	1
50342	15877	1
44035	32463	1
20299	32212	1
29392	1139	1
30234	9235	1
13514	24609	1
53813	26347	2
13414	23564	2
55088	8554	1
38755	37451	1
27434	42696	1
9227	29512	1
15154	33435	1
24191	44608	1
52725	47403	1
28819	34322	2
14034	51102	1
40274	27745	6
43954	13421	4
48921	48929	1
25704	14923	1
20574	53715	1
31515	37456	1
19667	7002	1
50802	36834	3
25872	44502	1
19568	27271	1
54537	18865	1
35022	30340	1
19891	27053	1
50045	50816	1
18184	26478	2
18431	43648	1
53124	48583	4
46931	5366	2
48945	31491	3
29540	39972	1
13937	54385	1
37974	45013	5
11398	43857	1
44480	29652	2
12404	52127	1
54249	5747	4
33500	38667	1
14129	18219	3
54966	35230	1
23217	30399	1
53625	196	1
46077	41212	1
34257	29651	2
23844	6695	1
50015	15398	1
17871	20091	2
49013	36366	1
36728	40774	1
8923	40989	1
13090	11314	1
40386	51639	1
38035	19892	3
9040	46052	2
11265	49907	1
55318	45817	1
1686	986	1
48193	11661	3
23537	51459	1
36289	45466	1
50899	15403	1
29512	10665	1
366	13273	1
16818	51132	1
21948	23100	1
12170	9004	1
510	44835	1
37737	33554	1
2905	34806	1
49345	5015	4
10965	3363	11
26593	31459	1
31561	47369	1
18299	41745	1
10613	39568	1
4592	2327	2
42109	11377	1
8121	37313	2
20056	42873	1
49561	30175	1
42450	14018	1
44333	40641	1
7690	41555	1
39668	11771	1
40642	50940	1
42584	23094	1
31392	3828	1
7223	6879	1
31498	44255	1
10636	9514	1
41715	54978	4
8371	12989	3
14000	16202	1
3546	42341	1
11470	11035	2
15000	11108	1
35319	23341	1
10708	35650	1
33321	18181	1
11524	31095	1
36500	24672	1
50791	55139	1
35548	47482	1
5097	30242	4
1491	46136	1
37309	40876	1
16002	14079	1
15199	28262	1
35632	45696	1
27112	38203	1
4704	36519	1
15143	52154	1
20400	21586	1
2090	36011	2
48862	26412	1
10458	16567	1
43387	26817	2
48437	48762	1
28022	17907	1
23855	8086	1
55253	21517	1
16134	18852	1
37679	22814	2
7376	54082	1
45108	34164	2
30779	21370	2
4483	10199	1
12841	16233	3
40641	34795	1
28926	1805	1
36002	47111	1
42756	44843	2
54304	34363	1
27160	10214	1
13075	43916	2
51593	20273	1
40523	30751	1
32320	19594	2
16049	22758	4
284	45777	1
55529	13487	3
35190	35601	1
31122	51880	1
26764	41228	1
20480	21454	1
35994	50180	1
27583	17534	1
52353	11789	1
11256	41456	1
28164	11854	1
53895	39140	1
4251	10768	1
41240	52367	1
9827	47198	1
32894	44381	2
41996	30393	1
39120	28031	1
18478	29536	1
28122	30416	1
3748	42289	1
23233	33990	1
11859	39419	1
12949	54123	1
42705	50666	6
12736	52205	1
14075	44333	1
7993	54111	2
54788	36678	1
27077	5853	1
36538	7037	1
3016	1519	1
46719	20396	1
263	12377	1
14674	22455	3
7788	48983	2
28020	21524	1
52079	54578	1
21692	52953	1
36079	29836	1
21619	10539	1
49597	5254	1
48726	35174	3
54297	51627	2
49827	27965	3
27624	43004	1
20915	23591	1
50614	40249	1
254	12708	1
32146	597	2
43861	7126	1
31631	5465	1
5258	5575	1
30628	4155	1
50198	12474	1
18172	11600	1
14876	14126	1
18067	51450	1
23510	7850	1
6456	11854	1
14836	10694	1
39696	5474	1
3341	10041	1
23151	12976	2
12139	35934	1
17516	13103	3
18349	10823	1
34958	29873	1
16229	34676	1
22060	19670	1
46288	35676	1
20044	36960	1
41029	37087	2
37649	46239	1
39197	22669	1
5036	36494	1
16749	15729	2
20762	29391	1
4949	14632	1
15611	27026	1
27435	23510	1
50710	41949	3
1215	26317	1
16761	53399	1
32320	46044	1
25186	44333	1
15005	35722	1
53427	38255	1
8901	37520	1
16163	50030	1
23713	2651	1
27549	46604	1
10151	24914	1
12114	50487	1
45334	24669	1
20631	35842	1
21157	29552	1
45310	38085	1
52963	11960	1
18314	51570	1
44705	7490	1
20580	54961	1
25808	6690	2
7868	42988	1
11899	52518	1
105	271	3
24690	35798	1
10714	46942	1
1590	649	1
22644	29946	5
43782	9402	1
7002	27500	2
43084	45828	1
977	14196	5
28243	25930	1
42076	16892	1
8694	31769	3
31739	44826	1
39144	15397	1
9387	31000	1
10261	23935	1
50251	10214	1
38000	49766	1
2464	38025	1
5907	46731	1
32740	7205	1
9204	32048	1
24497	934	3
49300	27259	4
41725	48415	2
45009	16462	1
4940	19350	1
48160	16886	1
29004	29492	1
25594	30270	1
53402	37287	3
54196	17417	1
3775	22952	1
38827	25385	1
37031	19587	2
38942	30054	3
21552	1203	1
49227	1695	4
15169	35346	1
15046	45008	1
13664	54158	3
21692	24683	1
52025	26754	1
15648	22668	2
27165	37815	1
31556	26055	1
54129	48985	1
4974	32356	1
42268	2656	3
21048	28254	1
19975	29592	1
10591	17951	2
28888	52518	1
18643	16087	6
24398	54453	5
34050	19171	1
49551	30407	1
48369	26365	1
9086	40017	1
45405	23699	1
34860	30249	2
44882	19313	2
31004	37492	1
31698	55364	1
7949	917	1
44017	20585	2
38466	25802	1
12042	35267	1
52518	29491	1
2271	18081	1
841	30394	1
14269	45805	1
30952	29528	1
4835	20576	1
52324	16440	4
35299	41479	1
51311	29692	1
43840	48188	1
51086	54457	2
22283	54237	1
40881	53748	1
7969	54463	1
16302	33834	1
16068	8312	1
7355	22212	1
41204	49639	1
15925	30349	7
52649	6353	1
2835	38521	2
12949	26942	2
38916	30273	1
1503	26629	1
42951	27625	1
14126	4587	1
48956	42946	1
53229	1396	1
7877	54017	1
15704	26111	3
2036	49517	1
36669	1741	1
11238	29532	1
4483	15626	1
25358	17899	1
23146	23264	2
5695	50381	3
11377	28839	1
25930	19625	1
5976	8358	1
53135	47235	1
40758	22232	1
29689	6455	2
20918	537	1
12837	9384	1
8072	44079	2
23041	21776	3
53737	8653	2
28999	15065	7
27958	41705	1
38055	23611	1
43395	2684	2
51665	53352	1
33130	37575	1
36595	37598	1
50682	40143	1
12190	16479	3
54007	45226	4
28158	41922	1
44512	677	1
39738	8643	2
29164	55151	1
46519	52702	1
19735	14553	1
29836	5721	12
38347	28216	1
8199	31185	1
8903	55337	2
28730	31512	1
46541	53008	2
7274	44583	1
33826	21970	1
36434	44286	1
20285	14664	1
41360	5668	1
9460	17626	1
39402	45595	1
5290	2829	1
39407	4014	1
47490	44418	1
11732	3962	3
39048	28222	2
24473	22595	10
22330	25811	1
31021	20724	2
14967	50288	1
11854	45991	1
41291	16105	3
32271	55130	1
18656	26628	1
12669	47731	1
49884	5149	1
26700	8072	2
8811	26921	1
17312	38117	8
54204	49306	1
46986	34113	1
14030	42000	1
3425	24078	2
24104	8543	21
33007	12761	3
44648	10097	1
1028	1280	3
10961	9522	2
35109	5604	1
39354	2917	1
51193	33473	1
20724	33003	1
24805	19529	1
49883	40865	1
3653	5091	2
29768	8909	1
18027	18510	1
35417	5016	2
20724	19775	3
16045	36694	2
47929	1766	3
294	22992	1
18796	39440	7
45059	28528	1
29614	9168	1
17070	32519	2
31556	53135	1
16779	4084	2
36896	19941	2
52653	34220	2
35185	19945	1
40831	21271	1
32502	26783	1
47112	31988	1
45577	47438	1
40723	20271	1
35997	32646	1
49392	39189	1
30204	33730	4
35023	14668	1
43795	40316	1
22714	21517	1
41236	22291	1
5431	39213	1
46942	15252	1
45769	30204	2
24695	19820	1
48976	54463	3
14799	40213	1
52310	50082	2
28687	40442	4
26644	36663	1
47832	43079	1
40501	32824	4
50914	50849	1
16229	51639	1
3149	13670	1
55536	53705	1
38535	25604	1
35386	47764	1
146	3807	1
3249	33725	2
37771	20952	5
26986	24775	1
17730	645	1
40352	44931	1
385	36141	1
21625	46902	1
5105	50736	1
53443	8191	1
24564	52346	1
22974	48665	1
14432	54910	1
35557	23107	18
51630	18026	1
33366	34033	3
47278	49870	1
4740	1250	1
5860	12481	1
14126	55318	7
52770	15229	1
30407	47326	1
14869	23225	1
5054	23683	1
27094	846	1
54701	25374	1
22865	4871	1
33212	28729	1
6675	6119	1
53038	6471	3
49907	2470	1
285	14486	1
37950	10311	1
23482	51151	4
12443	8993	1
16273	34896	1
47490	44242	1
6680	23904	2
33184	7368	1
22974	53412	2
29796	28266	3
4204	51517	1
7471	33822	1
7369	3168	1
55130	5090	1
50041	34316	1
28669	5549	1
34227	33630	4
11663	9519	1
11542	54545	1
20232	29558	1
22052	6178	1
22699	2546	4
33597	50743	1
42725	21565	2
39372	44381	1
4871	47184	2
17974	4951	2
30973	26037	2
39402	846	1
49633	1518	2
18914	28853	1
42957	23342	1
43898	13812	3
46197	8692	1
54789	12637	1
13208	40842	1
15712	55139	5
20559	9291	1
418	5149	3
17626	41765	5
35166	8616	1
10672	7752	2
13592	30669	1
39660	23987	1
15971	7804	4
49756	26643	1
32917	23681	2
29125	22058	1
18432	2443	1
54772	16928	1
17907	27011	1
14123	40655	6
6031	27657	4
13072	3489	1
33955	21876	1
417	18048	1
4490	1797	1
15104	4343	2
39169	8482	1
36579	52436	1
23450	39211	1
11854	39945	1
7425	31450	1
22608	26364	1
8356	1399	1
14488	28003	2
54017	49060	1
639	16435	1
19550	47560	1
31617	16353	1
16937	9153	1
28949	38025	3
28436	2518	1
45701	39215	1
52350	40866	1
35802	38712	1
43052	35505	1
14975	34792	1
34254	28122	2
3419	17627	4
37090	31067	1
3955	44388	1
37840	10388	1
43787	36892	2
14729	20596	1
29651	20405	1
8282	28796	1
34834	19587	1
12488	17872	1
7169	51459	1
38954	52477	1
40156	29784	1
3196	23514	1
45775	50441	1
55638	24495	2
40967	21227	2
2870	16722	1
8076	240	1
44161	36183	1
45196	52387	1
35258	16759	1
15063	35497	1
31478	50558	1
19364	33577	1
8279	46086	1
49309	18332	1
31437	5516	4
9616	14388	2
4680	53737	1
55520	44255	1
44381	27094	1
17044	13335	1
5731	9318	1
27304	9334	1
12857	1818	1
34624	7643	1
50681	23244	1
25131	37960	1
27031	41702	1
1930	17826	1
7794	12437	2
14701	21976	1
34999	19361	5
29614	20344	1
16254	15485	1
41600	21235	2
23464	20478	1
6	28258	1
36699	20512	1
11289	11868	1
6063	27000	2
25563	36777	1
35417	53675	1
4609	8592	5
13866	23143	1
46075	40521	6
35993	13913	1
193	40006	1
31895	24126	1
52596	52843	1
24080	54517	2
12843	1869	1
2711	24654	1
29421	38313	1
30005	15763	1
45056	2166	1
52162	20820	1
8013	54561	1
45828	18952	1
32491	48185	1
29181	2829	1
19399	29923	1
1461	8095	1
1105	6186	1
52527	27362	2
41591	11854	1
26884	51980	1
20700	31389	1
18300	15909	1
49823	23635	2
45018	13311	1
9313	14686	2
24775	32713	1
42825	47719	1
34880	38547	1
30344	38080	2
10839	14328	1
45877	33708	1
41349	38339	1
20096	46666	1
31749	30375	1
53786	10724	1
38625	33488	2
17601	26379	5
48368	19037	1
33004	45419	1
49621	30054	2
31151	27960	11
50104	17219	1
10536	5214	1
21073	21954	1
50349	47643	1
51388	9517	1
18101	38356	1
1302	23551	4
10696	35769	1
31896	42004	1
43085	53460	1
35502	27848	1
1613	19643	2
34986	36322	1
40921	19536	2
35586	31021	1
6836	9633	1
36275	12748	1
44248	30384	1
48197	1748	2
31251	41310	2
31537	18706	2
21831	26618	1
47886	41907	3
44248	769	1
30946	13161	1
48945	3381	1
5076	2194	1
21364	22730	1
13573	7319	1
54412	38784	1
38557	11377	1
52419	23495	1
13994	22091	1
10311	12836	1
11111	1086	1
43813	17625	2
5852	36566	3
36911	55536	1
45715	34580	2
13459	12635	1
2890	42052	1
36620	39735	2
46262	49000	1
26286	51459	1
15980	44248	1
5006	38528	1
43379	13144	1
28234	50827	1
28245	12615	1
5853	55130	1
39809	16121	1
32634	7077	1
12261	31185	1
10184	26214	1
9318	41027	1
4459	54984	2
8963	47163	1
18533	21732	1
11829	38852	3
9890	19015	1
20330	1101	1
24893	4248	4
55412	1796	1
1851	35461	1
14736	29574	1
24530	50422	1
9318	22239	3
23116	14611	7
4155	3634	1
17275	10331	1
42967	29258	1
632	44895	1
52996	49331	1
35185	17900	1
18485	40670	1
16127	48263	1
35113	33582	1
52776	43156	1
35461	13460	1
26185	12420	2
25746	9227	1
27084	21543	1
15299	2457	1
4365	37436	1
28013	14249	2
26191	14629	1
31605	17403	1
6893	20738	1
7540	43477	2
8657	7896	1
6530	45176	1
16963	52518	1
25079	20501	2
8682	8338	2
48971	2850	1
28399	53105	1
52518	41235	1
43293	25479	1
1986	53240	1
22467	12170	1
51754	40571	1
25463	11496	1
18121	1500	1
31663	11187	1
43543	36948	2
15080	5836	1
38335	49502	1
35761	31126	1
5819	11722	1
23441	46109	2
24532	35363	1
49400	10058	1
8607	49866	1
26774	15971	2
49646	27112	1
14488	5362	1
17555	41748	1
38893	14587	6
3008	40300	1
26596	40197	1
28835	14464	1
33158	19298	1
42553	2169	1
45039	25901	3
26001	54326	1
21547	25479	1
36904	18578	1
50938	30980	1
769	43372	1
17951	33007	7
11870	3156	1
32291	14638	1
34065	30748	1
18706	31537	2
11058	4976	1
776	647	1
35999	21387	1
11380	18864	1
22872	14359	1
48038	28358	1
13940	37374	1
17092	809	1
22173	42507	1
40397	26137	1
14769	15440	4
52054	32149	2
34036	1892	1
16020	25479	2
29305	51616	3
32043	50234	1
12533	18050	1
26742	48710	1
34181	16490	1
49275	1206	1
32208	2397	1
39132	38869	1
45112	34718	1
40940	32225	1
51024	31363	1
9787	27079	2
4233	11172	1
21939	5998	2
27791	22861	1
11297	15729	1
5575	46312	1
22498	43282	5
35389	34165	2
47198	54637	1
40024	49780	1
17130	21049	1
25187	48383	1
53617	11064	7
3948	42765	1
47511	586	1
19781	6590	1
29447	7616	1
2870	5929	1
22467	46504	1
38173	18237	1
23138	44984	1
34285	177	1
5249	53412	1
1386	857	1
3291	33944	3
20100	35500	1
42511	43787	1
45781	46683	1
39733	45656	1
29512	45940	1
52725	14010	1
55722	35813	1
19399	17342	1
22563	43427	1
11133	18066	20
51698	2870	1
6262	2272	1
19182	8439	1
16029	47640	2
34676	44867	1
9767	8212	1
17288	9349	1
49353	27452	1
27637	796	1
22130	16987	1
16111	1770	1
29899	9773	1
34706	41514	1
32149	20932	1
27090	38889	1
40641	25898	1
40641	47840	1
51347	26583	1
6113	46718	4
46277	16432	7
54951	8674	1
48611	13519	1
48620	26426	1
37356	712	1
9136	38467	1
11838	15021	1
50816	27863	1
2554	7755	1
52365	10343	1
13406	25241	1
28316	8851	1
8697	50234	1
46167	28090	1
53639	19037	1
43055	51444	1
18092	20441	1
7758	13096	1
51582	28518	2
3870	5782	1
49074	32260	1
20389	28865	1
11486	33836	1
38502	48536	1
25116	38543	1
22901	27554	1
16524	46214	1
46208	36464	1
9249	3124	7
11169	16080	1
49899	8318	1
26606	50914	1
20299	18632	1
5462	18562	1
604	42918	1
11489	6933	1
7642	12864	1
45571	35417	1
22091	29948	10
16056	220	1
18899	52350	4
13421	17815	1
19498	2515	1
16302	29391	1
13700	44931	1
28672	8977	1
10229	45822	1
55616	3967	1
43920	35970	1
51057	35983	1
53482	43372	1
16989	49312	1
44931	18864	2
21909	42503	1
24609	14386	1
48680	37868	1
13788	5474	1
42622	21708	2
4391	36947	2
77	49430	1
55088	54979	2
30036	29421	1
31771	48182	1
18496	39399	1
27614	15878	1
19334	1281	1
27190	31632	1
4182	38747	1
32275	24775	1
523	50334	1
8072	15600	1
10026	25385	1
43863	40342	4
40578	33457	1
4790	14822	1
29546	24892	1
46153	12003	1
51048	29392	1
19185	25846	1
48619	7135	2
22256	4427	1
11320	55248	1
41911	5218	2
45009	10170	1
35345	52810	1
2258	51900	1
8487	42653	1
13569	41923	7
53095	39346	1
33690	45296	1
51591	11506	1
13849	48166	1
46312	11350	1
20380	35717	1
51491	47812	1
55345	30044	1
24261	36945	1
31766	20663	2
53283	37959	1
26912	4946	1
10289	35990	1
54123	34	1
6456	38869	1
18126	40666	3
9611	47297	1
14662	43262	1
12425	21746	1
45997	6724	3
44105	30946	1
30326	21569	1
17446	48877	1
43432	27702	2
23161	35462	1
10937	38832	1
32935	46723	1
23788	5954	2
47563	30314	1
5237	25901	1
40271	23670	1
55590	18516	1
55680	4320	1
19588	9958	3
38098	3232	1
12947	44931	1
11760	35365	1
24879	39419	1
51479	3094	1
4555	10972	1
12455	16638	1
5894	50074	1
7758	23926	1
45483	38695	1
12953	22034	1
35964	52156	1
43543	38087	1
33881	1338	4
52739	15330	2
39971	15201	1
1067	6258	1
33902	41340	1
20411	18109	1
33446	25720	1
21118	4817	4
13618	53997	1
51162	20932	2
54075	55158	2
54085	1616	2
21519	193	1
1151	6935	1
22900	44418	1
9258	30348	1
23343	1487	1
15877	4313	1
23487	48521	4
35243	3007	1
37981	4974	3
7471	954	2
33824	51107	2
50783	15143	1
2353	42972	1
21082	13044	1
3175	52114	3
40410	53046	1
20477	1987	2
33527	7974	1
2748	2664	1
6574	36756	2
1327	22337	1
15311	28719	1
4536	23648	1
3889	50914	5
11873	46628	1
44381	49766	1
42938	16212	1
32144	32050	1
28582	28640	6
27190	42956	1
9765	23680	1
23032	48437	1
28843	28252	4
789	22802	1
38117	33733	1
44341	7423	1
44632	48313	2
53637	20805	1
45589	28338	1
41850	44259	3
30701	12112	1
17120	2923	1
52698	19594	1
31160	40270	1
46993	31373	2
13156	12401	3
39421	42339	1
26365	11529	2
41546	44947	1
77	15405	1
4287	1271	1
15468	39499	3
33647	27346	1
38589	51132	1
27739	2267	5
52696	305	1
35590	32699	2
5629	43935	1
43425	26573	1
30089	20461	1
44468	20406	1
6502	54256	3
18127	32612	2
14435	24530	1
14411	7843	1
23313	49074	1
21732	4658	1
146	52079	1
39771	30521	2
26606	21916	1
54542	48125	2
55288	4871	1
4929	16591	2
12103	31394	1
1094	20344	1
39927	22485	2
7683	6396	1
18807	5225	1
21157	32457	1
52056	2638	1
20312	22210	1
54642	11064	1
9317	3458	1
4303	17792	3
17674	19449	1
16518	1925	1
8025	5685	1
19638	27263	1
12757	23921	1
37182	39666	1
11494	31668	1
21733	52161	1
52318	15143	2
39023	47844	2
42727	20727	1
48856	15152	2
14765	38098	4
36580	53150	1
40579	55470	2
46526	45591	1
17756	32425	1
1146	34196	1
28124	17896	2
25771	47355	1
40021	9238	1
19281	9318	1
10177	13796	1
54433	584	2
19058	14732	1
21624	27863	1
45957	45497	1
5149	2155	3
44613	161	1
34850	31211	1
52883	34709	1
35940	2558	1
11995	35136	5
16870	17234	1
15280	21488	1
22923	16627	1
33891	20027	1
2870	25853	1
761	29921	1
21504	43723	1
5918	7190	1
26782	3430	1
52433	48913	1
22468	10490	1
26666	53425	1
42924	34369	1
9765	38810	1
21250	35456	1
1912	31311	1
10187	3975	1
6161	52122	1
16713	14556	1
16120	22335	1
44248	40765	1
6972	556	1
42176	23627	3
29615	27755	2
26147	34770	1
52817	37224	1
37985	48611	1
14134	37247	1
12974	829	1
30610	14228	1
31675	39430	1
54494	54345	2
51502	2255	1
2684	8338	1
23951	4807	1
561	32244	1
10369	31636	1
28032	41333	1
49251	38869	1
25888	19044	1
47696	19944	1
41756	4462	1
37313	37815	1
36930	20975	1
6567	27079	1
7002	22021	2
29727	41934	1
55665	45070	1
45933	17974	1
25523	45729	1
48863	52322	2
28173	36822	1
11384	13860	1
40472	39560	1
53690	19742	2
13908	44810	1
9354	50056	1
42532	26101	1
36150	3045	1
5778	53262	1
23597	29090	1
39354	11315	1
14093	3690	1
17555	5637	2
30386	29111	1
41217	7660	1
44961	29512	1
31341	45138	1
31687	53843	1
7372	36378	4
33253	36949	1
5931	49537	1
42494	15303	4
48372	3021	2
50960	14	1
34112	39889	1
32750	48574	1
39492	20863	1
5178	4788	1
19521	24750	1
27826	37779	1
34628	2102	1
10882	10477	2
30894	39469	1
20319	39741	1
50172	2025	1
43126	1355	7
10511	55701	1
1855	49805	1
21850	10312	1
44838	34527	1
9779	13985	3
3625	45268	1
33288	47161	1
5575	35983	1
44931	2944	1
5888	50086	1
5558	25803	3
4631	42550	1
40433	10511	1
32058	17157	2
54375	6731	1
10025	24800	1
39845	21767	1
31934	1009	1
49135	14129	1
45105	36095	2
23692	14266	1
26164	24853	1
29631	28098	1
41902	37100	3
46209	16675	1
48134	19471	1
25207	44333	1
25818	47822	1
46145	42696	2
4946	10250	5
8318	22052	1
49539	36023	1
9531	43973	1
16215	23331	1
45318	37310	1
10734	3058	4
39197	54139	1
40616	1279	1
10965	5416	1
28923	50234	1
605	30054	3
46438	55534	1
25589	16102	1
23313	54081	2
30249	29595	1
38901	24840	1
10080	2513	1
23783	44648	1
25179	33635	1
7996	46858	2
27630	49251	1
39680	30735	1
28536	24406	1
29368	39953	1
6854	54081	1
55646	8836	1
33460	28331	1
45697	54585	1
5998	5216	1
33212	53406	1
5756	36689	1
33639	10618	1
44566	72	1
47694	5472	1
4335	35944	1
45562	13863	1
54654	55071	1
14122	31379	15
18831	37711	1
48233	25298	1
50501	13939	1
52419	41383	1
12025	29626	1
25899	51016	1
3034	23975	6
54722	46141	1
31218	34690	2
38457	31605	1
36270	34718	1
5734	17756	1
23354	32394	1
8045	18497	1
13215	36694	1
52720	19245	1
45925	35788	2
33691	10516	2
17086	29219	1
32489	5917	1
201	48172	1
14113	16490	1
18821	29283	1
10511	2905	1
10666	36162	1
47853	13315	1
27913	42413	3
50871	14740	1
29642	19390	1
16586	25901	2
32437	24620	1
38618	33069	1
48716	49000	1
17486	49278	1
9626	47996	1
35043	50577	2
36415	6401	1
2305	2510	1
55395	29983	1
6802	16135	1
54703	25121	1
27249	4674	1
22826	52483	2
4486	1569	1
28952	23022	1
2803	29202	1
18115	32767	2
37940	3302	1
24817	26152	1
15902	20772	1
22485	41190	1
31739	9380	1
19850	52286	1
45561	41297	5
4831	28638	1
53427	44647	1
11854	34907	1
9902	9535	1
1537	13866	1
2940	15199	3
50224	39934	1
5853	3023	1
29094	12363	2
13204	33294	1
35777	49433	1
9720	8265	2
53047	28570	1
7808	35002	1
34676	36858	1
2199	27975	1
15118	36859	1
39587	1880	1
11245	22389	2
35798	29606	1
29651	2428	1
19227	2024	1
51400	29533	2
4531	38239	1
14094	29614	1
34363	23192	2
10388	32763	1
25484	7898	1
1866	44767	1
52454	41190	1
28276	12417	1
6051	9865	1
21708	25266	6
51207	23352	1
8616	9968	1
49719	39917	1
25107	6833	5
40971	21341	9
49907	44901	1
30578	20322	8
49926	28390	2
55557	13328	1
39615	49248	1
40325	25107	1
41999	44112	1
19141	39418	1
29706	32579	2
54852	29198	1
23110	38683	1
48429	21213	4
52799	46366	1
30893	37026	1
34062	44248	1
53823	38411	1
12540	32668	4
10140	22857	1
14348	49843	1
37803	35319	1
20724	33155	1
40183	3732	1
54750	14029	2
20456	4220	2
43935	5797	1
42237	28029	1
21552	48845	13
42929	38448	1
47029	28124	1
22817	54168	1
38757	5807	1
18748	10442	2
30633	27653	1
46934	46671	1
13336	46306	1
20187	45285	1
37621	8946	1
37754	22811	6
34594	33991	2
51846	8940	3
17290	15126	2
46659	54083	1
10045	30572	1
4377	37342	1
54335	25100	1
35064	17192	2
36727	28237	1
11111	39221	1
45556	49593	1
27490	51804	1
5338	50549	7
50710	20260	2
22360	40559	7
28451	380	1
4039	45351	1
52487	16982	1
10134	52623	1
13335	3363	3
46064	31473	1
34415	17218	2
48415	6972	1
1981	22089	1
36058	3354	1
16089	7021	1
26147	31004	1
22765	44167	1
2270	3755	1
40601	31935	1
16086	8915	2
41646	31868	1
33238	2627	1
27761	9902	1
44165	789	1
18287	5379	2
53603	37476	1
16680	6120	1
36381	29990	2
14802	16524	1
31273	5907	1
13213	37273	2
9769	14513	1
6498	48971	1
29006	44592	1
4467	5579	4
25765	3936	2
26878	11854	1
45701	35687	6
32329	12002	1
38060	1590	1
38024	11968	1
14499	15717	2
43477	5361	1
31943	4076	1
3076	52350	1
33158	4885	4
23499	14223	1
41906	54851	1
45497	4685	1
42506	17885	1
37771	49857	1
1805	49960	1
30628	22079	1
44961	25517	2
45398	21611	1
24131	10428	1
25328	24045	1
44750	1350	4
2636	54946	1
4459	47673	3
20316	1543	1
40450	54578	1
44856	8760	1
29004	35293	1
44248	22121	8
19384	5784	1
18900	29275	1
11163	41168	1
29829	42189	1
39580	23569	1
22454	24689	1
7822	20948	1
23867	10662	1
42065	25377	1
20146	19890	1
20513	49493	1
5051	1392	1
7659	26111	1
39560	35375	1
8312	32413	1
22653	50416	1
19843	38956	1
15412	48303	1
44527	50203	1
41741	31310	2
35128	2636	1
17208	54453	1
44830	24515	1
15101	21456	2
25233	19850	2
16191	50640	1
50595	20273	1
3920	47319	1
14765	47214	5
3080	29198	3
51955	3203	1
40941	46408	1
46822	5094	1
38589	29646	7
2543	38210	1
44581	17832	1
10937	30940	1
45136	20897	1
45136	38238	1
17973	9967	1
19137	53053	4
34080	9807	1
15070	8595	1
17641	39051	1
37679	24915	1
15554	41862	1
27873	36389	1
9360	27339	1
21109	1537	2
13554	150	2
1031	45101	1
40128	11041	1
54778	18133	1
19296	14488	1
24104	41508	1
4777	39680	2
15390	52082	1
44973	1260	1
27429	52351	1
19174	43945	2
27693	50589	1
18192	31223	2
28706	23126	1
18972	47248	1
20238	77	1
8102	45059	1
34652	46822	1
1105	8716	4
5219	41291	1
34899	43126	1
9616	9514	1
11168	47116	4
11399	20701	1
29647	5149	1
37935	27727	1
38546	44124	1
44954	25849	1
25930	8989	1
48637	25771	1
31663	49599	1
20589	47149	1
28663	9610	1
10326	19665	1
30340	44254	1
16551	44034	1
7132	13158	1
33263	8456	1
53917	38028	2
2792	25264	1
10867	1047	1
30866	51883	1
21992	20617	1
7060	52148	1
7133	55113	1
345	40791	1
17363	28234	1
20070	49094	1
194	30422	10
5412	23896	7
53238	17813	1
16374	23679	1
40348	31847	1
22980	44897	1
16573	27452	2
9662	11590	1
24198	13662	1
45616	43079	4
52604	12021	1
40891	32770	1
26365	32420	2
22240	24535	1
55499	49941	3
16188	40720	1
23655	21373	3
20820	31195	2
21082	16371	1
7516	44765	1
3785	45384	1
6073	36495	2
7359	3572	1
14614	36093	1
1932	51444	1
6313	3633	1
6845	21232	1
42575	37838	1
9065	52792	1
12788	3190	2
45673	25855	5
28648	31289	1
50733	48710	1
30212	31256	1
41380	19047	9
41043	3746	2
50257	21565	1
52944	49891	2
13249	2848	3
6352	5784	1
4678	25206	1
27990	32319	1
20724	54927	1
43000	54519	1
47800	41850	5
44511	43930	1
52027	44348	1
6920	41832	1
41087	55689	3
25083	44206	3
49152	22119	1
45750	48094	2
42710	40746	1
40220	55238	1
12142	15385	3
33420	6024	1
65	32817	4
4164	45607	1
11854	27519	1
27438	48715	1
50498	16499	1
51804	36269	1
42643	52355	1
22452	55547	2
35200	3462	1
12396	54081	2
35929	29512	2
9308	28913	1
8912	34828	1
9056	45822	2
14770	15082	2
44980	48809	1
7369	1596	1
19146	24423	1
1627	9475	2
48485	22598	1
21692	44248	1
46623	48572	1
35960	55554	1
50183	42602	2
8143	5464	1
13337	23534	1
42158	8179	1
46855	41954	1
17555	48026	1
45000	26394	1
48472	32201	1
52890	45056	2
34592	45112	1
31589	23510	1
5682	40594	1
30365	82	1
33460	29972	1
29751	10428	1
53057	49705	1
16567	11979	1
11548	23736	2
35263	16427	1
32909	8218	1
53925	20661	1
5655	18452	1
41256	37103	1
874	33445	1
12724	13901	1
27585	44807	1
7144	11760	1
3402	16490	1
46671	20623	1
4270	1276	1
25569	21472	1
21218	32115	1
3513	5976	1
52026	30601	4
1322	28770	1
31712	46298	1
32352	20043	1
6010	19907	1
39276	16335	2
9361	3362	1
55445	10543	1
43763	11902	1
29935	16773	1
4506	21139	1
17626	55369	1
15141	23515	1
51444	28109	1
41018	33276	2
19093	6962	1
48710	31396	1
38579	13705	1
40454	32736	2
43891	49282	2
48437	21977	1
34749	44941	1
40694	18067	1
3203	37193	5
3996	18315	5
14520	53707	2
45555	17593	1
2697	55006	1
35782	35827	1
40967	27	1
21094	28510	1
46689	41828	2
2750	42124	1
26865	47663	1
604	52518	1
43440	52693	2
44741	54019	1
2117	28311	2
13947	12511	1
21774	23837	3
27211	28451	1
37374	6309	5
4786	30686	4
42778	15940	1
27580	44767	1
11430	34189	13
53051	7870	1
10328	25385	1
55427	11470	1
44113	1112	1
26135	479	1
27243	16229	1
24507	318	1
39004	34642	1
11349	49891	1
24812	31371	4
49401	48113	1
47582	19160	1
14630	29473	11
19568	8673	1
34429	77	1
37542	21468	1
32917	23609	2
23304	47567	1
44656	26163	1
6020	12609	1
33935	25060	1
13246	38201	1
15793	16790	5
11789	50172	1
8965	37789	1
25456	32813	1
54075	15821	1
28124	50375	1
15010	48883	1
13566	3393	2
24810	21565	2
29591	30854	1
34271	47957	1
35113	29927	1
33701	37037	2
43500	19082	1
22670	34790	1
51639	28264	1
44376	21912	1
28042	17515	1
45396	7660	1
55236	41987	3
37735	5019	1
42919	26961	2
46366	29206	1
45613	47251	1
4709	3129	1
28329	25119	1
43724	10548	4
22853	16757	2
10986	20806	1
36435	18454	2
53772	7002	1
41879	54352	1
28847	9375	1
20274	11835	1
5015	31351	2
47013	4022	1
2686	17835	8
55237	39889	1
44185	954	2
49392	22423	1
3414	8843	1
29524	15000	1
34624	43941	3
19044	8864	1
26111	33317	1
339	50743	1
43372	3008	1
41173	4528	1
10724	55630	2
3285	10333	1
19293	818	1
28125	36662	2
12138	11933	1
45673	10641	3
4333	32431	1
9379	54234	2
28699	24515	1
20883	21717	2
45873	16014	1
42507	35414	3
32594	48939	1
12698	3640	1
17269	13311	1
52079	28166	1
20293	15877	7
19279	30235	2
52586	11913	1
4304	12002	2
51263	9967	1
13573	7277	1
14424	32015	1
47977	36654	1
29891	50893	1
2141	17057	1
17368	17036	1
23829	32123	1
1540	50808	1
51048	52929	1
44248	33722	1
24177	3406	1
13754	22680	1
54520	31471	1
42797	42220	1
3835	118	1
31819	16483	1
28284	51643	2
5994	34120	1
34367	31957	1
12899	35849	1
32643	686	1
39198	24419	1
31285	19175	3
8162	20006	1
49634	3057	1
48422	37710	1
47699	14702	1
2483	39615	1
55301	54292	2
21989	3690	1
26028	18411	1
16896	52298	1
27817	35586	4
16033	44257	1
34676	17528	1
44248	10522	1
18770	16326	1
28442	43916	1
16125	20538	1
54913	45741	1
15774	23763	4
45685	22768	3
30691	40506	1
53030	34348	2
35916	33167	1
48804	34645	1
2846	1863	1
39759	25375	2
4173	20380	1
4332	14886	1
51532	24378	1
20567	36694	1
21776	12792	2
4210	20225	1
42107	18562	1
13707	5304	2
40566	18404	2
30687	44079	1
27815	53026	1
5931	50334	3
23096	25100	1
20769	44418	1
3645	45910	2
4983	33771	1
33097	40138	2
41612	42956	1
20296	47705	2
36595	5069	1
35430	20815	3
36544	13749	2
28124	7400	1
54350	27324	1
34428	49357	1
44611	32439	2
20000	6309	2
17906	9031	1
16215	54772	1
23712	4838	2
50683	15877	1
27727	30021	1
34162	22131	1
18844	20780	1
20686	48523	1
18371	43843	3
13548	19495	1
19298	31452	2
6782	29337	1
16948	16125	1
4982	21611	1
13052	8290	1
39358	23626	1
55131	40728	1
12225	43381	1
9546	38885	1
44369	43624	1
605	38482	1
17131	13996	1
6717	5858	1
44248	8927	1
39004	27738	1
4420	23805	1
4024	24050	1
50501	35424	1
7186	31174	1
48486	41287	1
7369	18012	1
27446	19941	2
16811	27918	1
54741	41310	1
54352	9082	2
31415	20417	1
407	46011	1
45082	10864	1
7202	46463	4
36023	45604	1
32507	12593	1
26130	27608	1
46118	3964	2
34871	34355	1
48552	33944	1
37310	55712	2
48092	38869	1
46375	39472	1
49634	25024	1
39213	8754	1
6228	21126	1
7392	43429	2
20677	41966	1
44678	52699	1
33671	2085	1
3168	15639	1
37815	30167	1
133	17429	2
48140	26673	1
36570	52477	2
37357	51010	1
40274	11862	1
15972	11228	1
17410	22790	4
48698	52120	1
30854	3146	1
44255	51999	1
712	8299	1
15034	27654	1
50696	53659	1
34152	32013	1
40089	51573	1
32192	38839	1
39197	691	1
47261	17123	1
22325	27693	1
10175	42402	1
48745	49667	1
49696	22557	4
50914	54816	1
22004	978	1
13031	11082	1
27290	39615	3
44204	44381	1
18595	47354	1
2917	44867	1
35970	41299	1
49911	40138	1
6138	33730	1
33631	42203	1
5324	36407	1
29032	45133	1
6842	46500	1
49457	7872	1
36339	17035	4
13494	425	1
29579	36496	1
14000	42434	2
30407	46997	1
7037	40408	1
22548	2775	1
25900	12170	1
44836	34583	1
17155	30156	1
19296	42306	1
21939	48929	1
44448	16156	2
39829	44126	1
5127	4998	1
6853	33179	1
14172	21360	8
46415	13701	1
49345	23572	1
42491	45658	1
488	954	1
44314	32226	1
16462	19194	1
55596	6888	3
19357	16071	1
9318	10126	2
30523	52449	1
41034	48967	2
34690	32063	1
45554	7171	1
36345	1300	1
5643	3341	1
28135	26489	1
3890	35113	1
4389	13286	1
47996	25553	3
30742	48450	1
17407	32669	1
50540	17122	1
24658	37603	1
16023	15054	2
16089	28511	1
31469	25845	2
2917	50867	1
31061	50553	3
23499	27316	1
38634	20800	1
17214	21474	2
3585	2889	1
27520	29923	1
10160	34539	1
40808	47556	1
34280	42402	2
51713	50495	1
52657	23062	1
4083	13626	4
27788	15821	1
39013	28396	1
4104	37055	2
45000	45822	1
46056	12222	1
22078	13452	1
47754	54392	4
50700	2202	1
18411	30274	4
36400	23464	1
48764	48918	2
33097	33294	1
5238	20561	1
7334	14448	1
14703	3333	1
10890	263	1
7140	5677	1
51742	52978	1
136	3075	1
8844	54896	1
2372	30334	1
15044	49441	1
36201	18249	1
35187	16937	1
19557	15525	1
52219	14150	1
12530	9580	1
47200	25528	1
29720	16524	1
36698	1519	1
20155	7392	1
47759	51360	1
9499	35370	1
11908	41541	1
20217	34025	1
35010	28646	2
39505	4093	1
12510	436	1
42758	37302	1
41884	1880	1
4304	17676	2
13845	39516	1
42586	55473	2
4364	4591	1
15457	68	1
18390	40458	1
30767	29301	1
37715	11830	1
50219	30831	1
43596	28547	1
18562	2068	1
16583	13	1
54747	34654	1
33730	37976	1
6658	35693	1
28308	5960	1
4175	10263	1
35106	32939	8
7111	1362	1
15072	43454	1
26666	28705	1
4549	40939	1
35802	16524	1
25901	1164	1
8676	7275	1
47064	53478	1
19687	12067	1
38357	34621	1
45883	28330	1
6178	54654	1
54155	50764	1
5808	3547	1
48663	20389	1
21240	7772	1
31907	48726	1
77	38566	2
35671	16160	1
31273	23876	1
24613	21793	1
103	1161	1
36736	47102	1
37182	39917	2
47557	26606	1
32949	41774	1
1975	53270	2
31892	26662	1
42500	13038	1
14918	18377	1
1055	34142	1
2441	39179	1
35318	24135	4
4913	13356	1
5344	30050	1
44381	25183	1
25463	40173	1
38018	24650	1
13845	10814	1
7806	53047	1
38467	8179	1
17863	42441	1
915	34718	3
20361	43734	1
12139	17312	1
21103	11427	3
46143	19625	1
42052	17799	1
24484	47596	1
16882	36973	1
33884	35206	1
27283	14976	2
6376	12700	1
52506	19801	1
10073	14203	1
51039	50537	2
32149	45916	1
41893	26970	1
2636	10313	2
23027	55494	3
15029	32208	44
28551	34946	1
28603	49961	1
31330	32515	1
21837	45249	1
7708	48693	1
830	17749	1
36961	55695	1
45502	40425	1
6972	44185	2
2921	1688	1
12494	19032	1
7025	11539	21
43149	27199	1
10232	52045	1
49575	12964	3
44286	37148	1
4085	23409	2
30658	35581	2
15427	42773	1
29525	15564	1
33604	48066	1
24059	44801	4
26466	40222	1
10548	9036	1
35722	54847	1
24759	1700	1
30032	37624	2
52401	20996	1
36894	31650	1
47409	27933	1
16569	30728	1
18933	3321	1
17369	44075	1
25707	50388	1
26893	33918	1
20592	1942	2
12535	14662	4
35251	23094	6
21328	29689	4
4465	9412	1
14285	1012	1
45082	18259	1
14896	14227	1
7757	32780	1
26583	9901	1
52636	22897	1
43512	42918	1
9417	51536	1
17123	5290	1
23118	34738	3
49479	3450	2
11978	41492	1
52114	12765	1
47705	21041	1
25385	15109	1
51872	40264	3
34661	50341	1
25084	954	4
6365	21749	1
55231	30632	1
9031	44063	1
25883	29986	1
10511	14359	2
38247	2208	1
25723	4441	1
2415	32033	1
5853	8021	1
27020	50381	2
18609	12198	2
2271	5148	1
13391	15729	1
49224	20918	2
32953	36062	1
2329	39633	1
26771	17626	1
27781	31215	1
38059	19154	1
45417	6530	1
5604	40314	1
30890	2272	1
31821	42545	1
9698	44306	1
38651	44438	1
16651	17856	2
17801	100	1
44156	35999	1
50381	49652	1
43388	6384	3
35340	77	1
28655	1851	1
36594	12392	2
53435	36882	3
55478	37021	1
13386	997	2
13901	946	2
30253	38115	1
25358	55209	1
48687	40940	1
20322	30656	2
14022	32586	2
31024	14229	1
18443	19770	1
47783	31330	1
55620	12608	1
5149	19967	1
53229	34363	1
49343	52115	1
53421	40641	1
23001	22361	1
26129	4598	1
21185	45175	1
54287	14543	1
37516	45095	4
11854	29123	2
48860	26355	2
12133	54058	1
35791	35937	1
3645	4134	1
4736	22901	1
29392	29841	1
53806	1784	1
14386	47114	2
45600	54474	1
52929	51048	1
38810	46398	1
40000	31237	1
30962	14977	1
25834	49126	1
44175	9802	3
30666	41308	2
31813	37981	1
1587	18915	1
46822	42048	1
38283	40729	1
21529	27185	1
3532	44886	1
49754	33491	2
21225	12213	2
9650	1105	1
1375	45877	5
32669	54758	1
8223	39166	2
39008	27119	3
10652	29479	2
14248	13181	1
40049	10814	1
14029	7087	6
23749	26102	1
28492	39161	1
5853	24251	1
6309	15781	1
39870	45625	1
34215	6792	1
35491	18496	1
37326	30165	1
1880	44248	1
2362	25610	3
28729	42031	1
19587	3158	1
20250	54268	8
24982	43330	1
10263	2298	1
2667	10663	1
41173	22952	1
27094	15015	1
44418	4248	1
37214	36264	1
5379	1994	1
10630	51922	3
49697	14712	1
51906	13979	2
16236	48170	1
49964	35838	1
2204	26931	1
9695	34961	1
49003	52442	1
26308	49911	2
44517	39354	1
27565	21136	1
26013	37043	1
40054	7173	2
35444	32891	1
37575	6840	2
51151	40228	1
7387	45127	1
49286	7240	1
20514	45595	1
54851	8165	3
17549	10394	1
5149	25620	1
4012	37584	1
5595	10029	1
30168	24091	1
18497	17070	1
7859	21643	1
18351	15003	1
17813	30709	1
712	50511	1
29157	46812	4
36822	21962	1
15930	8457	1
6131	34676	1
4002	41947	1
24567	27190	1
7369	25463	1
18218	53074	1
1766	50802	3
45478	30487	1
6010	31161	1
46597	112	1
9083	50914	1
22203	10591	1
6167	16033	2
5872	23123	6
38090	20773	2
7277	53975	1
21053	3682	1
36672	16818	1
31556	45893	1
23402	43311	1
45946	46214	1
2495	19708	1
10625	14543	1
54183	52658	1
47825	36526	1
44931	38683	2
8485	2530	2
21493	6501	1
14630	32184	1
31821	12868	1
50926	26837	1
30054	28536	1
685	49658	1
27269	22833	1
38496	39200	1
21459	16405	35
29130	41621	2
30407	9735	1
23975	29720	5
2631	33714	1
21720	31470	2
11758	45519	1
25901	33833	3
36822	22152	1
34542	42596	1
28507	4390	1
45208	1822	2
20949	44208	1
1670	21942	1
17731	11315	1
23201	20724	1
36945	51535	1
49984	17695	4
44248	48616	1
22643	30168	1
5845	42052	1
49130	3518	2
33935	21977	1
52460	45414	2
14630	24340	1
46481	45837	2
44734	41478	5
9395	29558	1
52938	44512	1
44515	50172	1
3466	15304	1
40472	25208	1
22121	20762	1
14674	44631	2
809	42293	1
37009	15003	2
7002	36477	1
2725	15141	1
15654	46472	1
30627	48094	5
45225	22683	1
1986	41683	1
46156	25412	1
23569	41250	1
44369	11965	1
33624	14497	1
17900	26249	1
39659	43372	1
33436	6489	1
45125	10896	1
4721	50028	1
4005	29763	2
5604	33916	1
23505	15798	1
28338	8542	1
46911	11469	1
22094	28029	1
44931	47721	1
38579	50781	1
49400	23214	1
6732	36873	1
45133	29032	1
32996	52631	1
50259	8178	2
712	30081	6
7336	7291	1
16109	29509	1
4363	8440	1
51921	11099	1
35863	26313	4
40860	8530	1
13090	1996	1
19134	9024	1
45873	24441	1
48971	39836	1
35022	954	1
11885	4051	1
25352	10160	1
11811	8341	1
5778	53555	1
31431	18899	1
47070	34165	4
52758	21547	3
27498	33711	1
50120	13701	1
24853	1959	1
35466	17872	1
14520	46460	6
12895	33097	4
10140	40300	1
7883	10082	1
25052	7056	2
25461	49545	1
6509	46597	3
9780	30210	1
53434	32115	4
34786	16480	1
50914	52907	1
45893	31556	1
37589	53425	1
51262	45278	1
43973	52099	7
65	22288	1
9318	12614	1
37981	38373	1
16062	44114	1
6114	30037	1
3600	5499	2
23848	9741	1
32646	23428	2
53787	24892	1
17975	19592	1
14779	14280	2
1785	17365	2
23843	7843	1
15000	7829	1
54019	3833	1
49271	1469	1
26049	13721	1
43160	48428	1
20632	13736	1
10919	24812	3
1602	24419	1
47689	2475	1
41934	44724	1
2684	15350	3
3533	46482	1
33902	12860	1
7016	18295	1
20738	42839	1
2769	25923	1
54529	18033	2
45822	2018	2
9698	40078	38
6178	55426	1
14442	44740	1
35299	31852	1
41285	16501	1
35884	36275	2
21461	42171	1
22385	32798	1
10986	39402	1
12012	45136	1
14029	35735	1
37824	20819	2
99	39916	1
22032	11034	1
22639	34542	1
48563	29768	1
30740	46217	2
51643	36429	1
4623	30349	2
15617	6879	1
9780	34912	2
77	21557	1
13898	36873	1
18562	54758	2
42526	2850	1
34986	39015	1
16157	20198	1
33212	8102	2
14126	19119	1
28865	29055	1
41663	48106	1
40929	18933	1
53135	31556	1
5466	15902	2
16518	39378	1
5304	34169	1
48283	18783	1
51135	34215	12
53826	31218	1
25276	11029	28
49766	54788	1
45012	13751	1
19059	30787	1
32639	53814	1
43644	11559	1
3958	11854	1
3539	2142	2
39777	30652	2
20514	54184	1
44862	6628	1
7267	14630	4
20679	5151	1
38889	46147	1
51347	33457	1
2090	43179	2
6684	41530	3
3626	21992	1
2238	30013	1
13955	22233	1
41277	19543	1
27143	18933	3
52868	9776	9
2870	51444	1
11953	3260	4
24330	7144	1
48188	34842	1
52520	8820	1
22952	54853	1
40233	21767	1
7078	9665	1
17050	9197	8
45828	31218	4
49896	1664	1
26818	21044	2
4819	26588	1
23327	23344	1
6067	14296	3
26403	16993	7
49710	25675	2
18083	54581	1
35864	29902	1
53476	36177	1
24375	15407	1
2285	35135	1
16371	48923	3
49204	564	1
55231	17340	1
10785	32614	1
52177	7055	3
1060	53135	1
19031	46648	1
38448	50381	1
27816	16378	1
44112	39912	1
36595	20120	1
3866	15865	1
49883	26480	2
35967	26498	1
2253	39992	1
18275	27586	1
51427	6135	1
47327	51892	1
882	35738	2
1770	1403	1
6384	43388	3
36538	34512	1
27700	22806	3
32375	14079	2
36282	3055	4
16927	6686	2
18102	19321	1
33550	5152	1
3164	18689	2
20396	29048	1
4078	11522	1
28254	42060	1
26092	39076	1
46890	50210	1
3645	9318	1
55386	54208	3
29347	11133	3
24236	52817	1
33577	49991	1
23764	25137	1
8192	46463	2
38889	14248	1
17913	50838	1
53030	51244	1
13681	17254	1
12656	40138	1
7448	9222	1
17081	38839	1
16222	54693	4
28784	14285	1
33402	39889	1
19362	8170	1
42561	36152	1
32707	22570	1
54158	48174	1
20705	33992	1
7599	50319	1
54123	35803	1
37679	46402	1
38642	18769	1
5810	3766	1
35414	31218	1
19339	10352	1
42430	18017	1
20361	305	1
4196	8235	1
11053	32149	1
8607	7739	1
49633	16315	6
39247	20063	1
44263	17545	1
29221	21337	1
12767	1805	2
55497	26139	1
45269	15483	1
24182	6237	2
36619	53771	1
7397	46054	1
14513	25222	1
32798	40386	1
45298	41793	1
17558	23533	1
14581	8212	1
39641	23283	1
13126	6201	1
39190	16333	1
19946	42575	1
30922	30313	1
35871	36193	1
2825	27992	1
33175	31302	1
43892	51086	1
29151	13761	1
23939	11060	1
44333	53273	1
13915	25711	1
1481	24321	3
24530	3776	1
28952	46950	2
33366	22398	3
1520	193	1
34908	7355	1
29352	53030	1
5457	47198	1
31895	41683	1
36268	1423	2
14086	32586	1
11350	7781	1
36945	8785	1
15911	22467	1
11350	52392	1
2128	4680	2
7475	18881	1
22111	11408	2
41486	45801	1
34483	53600	1
49425	30181	1
44248	4591	1
48914	1557	1
33435	25320	1
40781	17835	1
5182	40608	1
46463	51401	1
28812	52516	1
22454	37995	1
28234	36299	1
50743	37547	1
6885	4721	1
48971	6498	1
26758	26827	2
24609	31312	1
34939	30832	4
43376	48520	1
35846	28764	1
140	19298	2
46245	34011	1
46934	5998	1
25627	9382	1
7597	47671	1
40641	54199	1
26767	32719	1
39721	52185	1
25248	51459	1
26611	52420	1
2302	12612	1
22601	21735	1
48730	50282	1
28615	31744	1
50234	48011	1
49217	6980	1
47564	36948	1
17907	42945	1
31376	31655	1
22788	11494	1
26366	15877	1
49644	10731	1
40534	6061	2
46746	14456	1
39636	35279	1
47422	9318	1
12304	8741	1
5582	45245	2
51985	15650	1
45556	23917	1
36822	24630	1
10590	23156	1
54184	15015	1
46209	4270	1
21155	4336	2
516	38130	1
29614	1486	1
40858	30313	1
41890	34768	2
2699	3055	1
5538	24178	1
42760	54184	1
4610	40297	1
54123	37506	1
8072	27919	2
54882	44248	2
42422	44624	1
54707	48975	1
15456	26506	2
20428	17677	1
41347	46735	1
12765	15126	2
51535	36945	1
1955	531	2
441	3951	1
33366	41987	3
11254	47731	1
45868	16843	1
13171	50827	1
18694	14975	1
24712	13353	1
46853	21909	1
35932	32080	2
23016	21126	1
46006	23960	1
28265	34527	1
5051	23313	1
52518	43233	2
38769	52169	1
43580	35761	1
44876	46684	1
22042	52667	1
49606	3154	1
10639	52118	2
10918	21647	1
515	18971	1
13749	8898	2
41646	37643	1
45056	22899	1
10410	47301	1
2684	19091	1
7301	34828	1
19860	26863	3
9632	38001	1
32941	53650	2
39088	44733	1
45414	10511	1
49097	14008	1
29614	11309	1
55181	3481	1
39900	31116	1
54213	29600	1
14084	48569	1
15786	48993	1
42779	25479	1
41165	21894	1
53722	33716	1
45269	46012	1
45748	48490	4
43939	27706	1
51039	11854	2
48770	31635	1
20292	5521	1
36129	19719	3
36237	13821	1
25412	30081	2
42113	15510	2
17343	16473	1
20526	20250	2
53131	31891	1
44732	24126	1
26899	10750	1
48578	43033	1
24979	34690	1
22052	21149	1
177	10061	1
14264	6192	1
6364	17362	1
19029	17735	1
42671	3258	1
7972	22268	1
3175	37313	1
2937	19299	1
28531	54123	1
30502	19799	1
27502	11862	1
2916	45822	1
34271	13783	1
37144	8286	1
49891	11349	1
24613	52145	2
11999	43433	1
35865	27449	1
55248	19443	2
2080	15452	1
16501	13223	2
34438	8554	1
1139	36299	1
53660	19934	1
31557	20198	1
5856	3656	1
5729	12625	2
9499	29974	3
55618	50234	1
17470	20556	1
4591	1675	2
1805	25926	2
21211	4831	1
40197	27401	2
15090	33448	1
40940	29991	1
3643	25779	1
29706	13811	2
52587	5778	1
46312	14576	1
26024	1450	1
12799	39101	1
51286	10538	2
2427	10937	1
32935	30691	2
8033	3653	1
23551	43427	1
3932	44333	2
2587	16608	1
1616	26480	4
43102	32143	1
45226	54007	4
43411	129	1
5280	36873	1
295	32101	1
4435	28919	1
13514	14097	1
41268	33211	1
48578	3851	1
49399	2650	2
46668	31161	1
55459	28451	1
37207	50334	1
53590	5657	1
43222	15714	1
36837	51444	1
9291	55156	1
20753	40558	1
34828	29451	1
21968	40472	1
46474	28446	1
43730	12295	3
1282	6117	1
27162	786	1
659	14510	1
40168	47533	1
4794	5258	1
16734	52847	1
14223	9334	6
37521	9445	1
13171	30890	1
42180	41646	1
11862	2562	1
21591	18105	1
54335	32468	4
25558	45497	1
11970	27520	1
1796	12892	1
36725	50574	4
11327	21595	1
7843	13526	1
1197	11788	1
4662	38981	1
26237	31417	2
32612	51444	1
34063	6177	1
20641	43055	1
38943	55205	1
8089	49485	1
9337	4131	1
48337	36669	3
5304	42226	1
45600	14263	1
50738	44047	1
48775	24484	1
45398	33550	1
21567	29724	1
15027	30074	2
19213	7055	2
21296	14520	14
24470	23589	2
21461	44254	1
6501	43147	1
12276	22225	3
5734	1631	1
33119	4248	2
40470	8898	1
44196	10850	1
5078	33212	1
21736	36822	1
55567	43675	1
29135	19895	3
21459	54070	2
9970	6845	1
15163	25930	1
19119	50666	1
50082	41021	1
45266	20107	1
43301	52254	1
15849	25111	2
44313	44343	2
22956	6131	1
11567	2757	1
8154	35838	3
46372	31751	1
38712	38057	1
43188	26453	1
27697	43188	2
31886	55663	1
3154	32699	1
22534	34839	1
31536	40575	1
13568	28843	2
25447	25289	3
16300	48596	1
11854	25895	1
15021	38741	1
19946	17273	1
26421	14326	1
54113	33228	1
46995	20448	1
15139	48163	1
7182	17224	3
21053	44867	1
55353	32043	1
17123	31010	1
48374	6851	1
25554	4756	1
43683	45192	1
28801	4457	1
12553	25923	1
1004	11029	1
23085	20992	1
29512	22119	1
10937	49201	1
27253	47165	1
21373	2742	1
33908	5149	1
36556	33423	4
12568	26258	1
44931	7224	1
36729	15239	1
48541	17785	1
17231	38115	1
5149	33021	1
82	34