0	-0.015625 0.001166 0.005906 0.006133 -0.003570 0.003644 -0.014208 0.003461 0.009477 -0.003453 0.013795 0.010446 0.010304 0.011185 0.013301 -0.011242 -0.000566 -0.008842 0.008837 0.006370 0.008030 -0.001568 0.013589 -0.003112 0.008441 0.008675 -0.008937 0.013622 -0.012218 0.003728 -0.013795 -0.010244 
1	-0.011514 -0.001003 0.006319 0.007904 0.003964 -0.004017 -0.014331 0.005249 0.000694 -0.005178 0.003023 0.009124 -0.011213 -0.011312 0.014044 -0.005201 0.012839 -0.010221 -0.015463 0.003087 -0.013587 -0.008312 0.014615 0.007598 -0.011954 -0.012878 -0.013714 0.011637 0.003588 0.005925 -0.015281 0.015483 
2	0.007988 -0.006650 0.015223 0.005298 0.004970 -0.008600 -0.010834 -0.000152 0.011301 0.006050 -0.011686 0.010908 0.009411 -0.003152 -0.001042 -0.005965 0.006349 -0.003587 -0.012912 0.005968 -0.007020 -0.014891 0.002721 0.015014 -0.003647 0.005071 0.002473 -0.012200 -0.009472 -0.014803 -0.013485 0.005141 
3	-0.001292 -0.010052 0.014200 0.004170 0.006541 -0.008322 0.008346 0.002237 -0.006963 -0.011097 -0.007907 -0.006806 -0.008516 -0.003534 -0.006805 -0.004552 -0.003147 -0.003918 -0.013775 -0.013321 0.008456 0.000865 0.012046 -0.004816 -0.014026 0.002066 -0.004285 0.013015 -0.010904 -0.007152 -0.013791 -0.004797 
4	0.001024 -0.010821 0.010977 -0.013861 0.001208 0.004782 -0.013696 0.002778 0.011547 -0.006515 0.012085 -0.007354 -0.003150 0.010826 -0.001242 -0.010535 -0.010361 -0.007364 0.013337 0.011864 -0.003931 0.011619 -0.004822 -0.003740 -0.011774 0.012768 0.014627 0.000493 -0.010676 -0.009951 -0.012187 0.008515 
5	-0.008783 0.002239 -0.006584 0.003069 -0.006866 -0.010440 0.000603 -0.001834 0.002714 0.005214 -0.009494 -0.010314 0.003100 -0.013871 -0.002162 -0.005558 0.012578 -0.010479 -0.008917 -0.009282 -0.006160 -0.005033 0.011540 0.014466 -0.014148 -0.006165 -0.010131 0.011079 0.003460 -0.002472 0.014910 -0.008404 
6	-0.014155 0.009450 0.001170 -0.008531 0.009873 0.007628 0.013411 -0.010899 -0.003463 0.011074 -0.010533 0.001048 0.004850 -0.001348 0.011442 -0.003763 -0.009060 0.011141 0.008792 -0.008852 -0.004549 -0.001290 -0.015420 0.010283 -0.010475 -0.013765 0.009811 -0.011456 0.001541 0.015436 -0.003636 0.001740 
7	0.005590 -0.014592 0.000451 -0.005663 -0.004003 -0.010633 -0.008734 0.000071 0.009747 -0.005791 0.010500 -0.013338 -0.013946 0.008298 -0.009418 0.004418 0.001511 -0.007955 -0.007698 0.007269 0.014602 0.005457 -0.009630 -0.012514 0.009187 -0.011199 -0.007355 -0.011368 -0.003679 -0.008303 -0.008100 0.001543 
8	0.005603 0.001077 -0.012393 0.006245 0.005816 -0.014136 -0.009232 0.007230 0.000802 -0.011121 0.003200 0.015585 0.015199 -0.006485 -0.003601 0.003197 -0.003976 0.012293 -0.006669 0.008926 0.003821 -0.009761 -0.005876 -0.011477 -0.004824 -0.000823 0.012623 0.004283 0.002966 -0.011324 -0.015027 -0.005811 
9	0.013584 -0.000047 -0.002687 -0.011955 -0.005932 0.005062 -0.012844 -0.014636 0.013746 0.003195 0.003851 0.007818 0.009760 0.014435 0.008100 -0.014447 -0.007401 0.009099 0.007443 0.014319 0.006182 0.003023 -0.008570 -0.012362 -0.006872 0.006864 0.002004 -0.011130 -0.001472 -0.002453 -0.004325 -0.012833 
10	-0.003641 0.014230 0.002397 0.008205 -0.015333 -0.011720 0.006240 -0.014012 -0.002499 -0.015450 0.010584 -0.011806 -0.002701 0.015625 0.009820 -0.005153 0.009584 0.014506 -0.006379 0.006733 -0.004794 -0.004464 0.000315 0.008922 0.010683 -0.015326 -0.014116 0.006413 0.005937 -0.009625 -0.002541 0.001742 
11	0.000607 0.007759 0.011768 0.000816 -0.012381 0.014036 0.006452 0.000689 0.002496 0.013151 0.005364 -0.010481 -0.014630 0.015597 0.005398 -0.013181 -0.008255 -0.007789 -0.000838 0.007515 -0.010799 0.010029 0.009936 0.009195 -0.008650 0.007882 -0.000602 0.003991 0.007186 -0.012430 0.010023 -0.009414 
12	0.010343 0.001706 -0.001874 0.001685 0.000655 -0.000494 -0.000168 -0.005605 0.007786 -0.003689 -0.003389 -0.002340 -0.012248 0.007551 0.006925 0.001376 0.004966 -0.006747 0.012812 -0.009524 0.000500 -0.002403 -0.008737 0.008754 -0.011561 0.003850 0.015368 0.011571 -0.006066 -0.004966 0.013764 -0.003158 
13	-0.014545 0.012211 0.007180 0.002750 0.008621 0.003783 -0.007444 -0.014529 0.011900 0.000517 0.011603 0.008538 0.014827 -0.004694 0.005730 -0.000277 -0.005137 0.001557 0.013221 -0.008892 0.002046 -0.014004 0.001366 -0.003747 0.000254 -0.013608 0.006234 0.011455 -0.011179 -0.002164 -0.005794 0.013429 
14	-0.013954 0.003902 0.011539 -0.005323 -0.008729 0.012938 0.006612 -0.007964 -0.005060 -0.004861 0.005230 -0.008951 0.011472 0.009268 -0.005813 -0.006629 0.000692 0.006841 0.012243 -0.014986 0.006138 0.010782 -0.009628 -0.004655 -0.007421 0.003479 -0.011935 -0.007463 0.012442 0.005634 0.001372 -0.011465 
15	0.000928 0.010689 0.006739 0.006343 -0.013898 -0.015064 -0.003801 -0.012276 -0.009702 -0.007371 -0.012012 -0.002065 0.005346 -0.009406 -0.010360 -0.007728 -0.001472 0.000478 -0.007792 0.010599 0.005906 -0.011291 -0.009904 -0.011255 -0.006274 0.005972 0.009793 0.003467 -0.012271 -0.001205 -0.005194 -0.000164 
16	0.005348 -0.010632 0.009398 -0.011155 -0.013418 0.002923 -0.009355 -0.003657 0.007598 -0.006531 -0.015624 -0.014591 0.010449 0.003148 0.005876 -0.001896 0.003340 -0.000422 0.007888 0.008151 0.009615 0.013250 0.004521 -0.008020 -0.006733 -0.000204 -0.000363 -0.014864 0.004080 -0.005914 0.012393 -0.012516 
17	-0.015384 -0.008977 0.006454 -0.010572 -0.010616 0.006933 -0.008356 0.001620 0.006841 0.010427 0.005502 0.013416 -0.008181 0.001338 0.013154 0.004957 0.005222 -0.004629 0.005747 -0.008793 -0.001286 0.011127 0.012301 -0.012598 -0.012179 0.015502 -0.015561 0.000871 0.014639 0.004142 0.004552 -0.004291 
18	-0.003643 0.006710 0.007554 -0.000459 0.006993 -0.000107 -0.001997 0.003037 0.011849 -0.011738 0.004024 -0.012311 0.006779 -0.007760 -0.010445 -0.005451 -0.014945 0.011202 -0.000997 -0.002494 0.007379 0.010004 -0.000158 -0.014864 0.000334 0.008365 -0.009428 0.014339 0.003138 -0.003449 0.000952 0.002353 
19	-0.013536 -0.011549 -0.015028 0.011257 -0.006343 -0.013947 -0.000953 0.003472 -0.013348 0.004207 -0.001420 -0.007304 0.002803 -0.009324 -0.015506 -0.015573 0.009975 -0.002743 -0.000815 -0.007166 -0.010569 -0.014930 -0.006891 -0.011844 -0.011042 0.002557 -0.013419 -0.004151 -0.011502 0.008058 -0.004074 0.007982 
20	-0.002579 -0.012782 0.012063 0.009790 -0.014044 -0.001824 0.011287 0.013602 0.006566 -0.014103 0.002323 -0.000561 -0.008671 0.002363 -0.010115 0.014772 -0.003834 -0.014987 -0.009101 0.005527 -0.005380 0.014841 -0.011279 0.006371 0.015006 0.008519 -0.002587 0.013538 0.004025 -0.000803 -0.008567 -0.003964 
21	0.005837 -0.007044 0.000781 0.001776 -0.000694 0.000599 0.014914 0.008501 0.011846 -0.001311 -0.014617 0.009149 -0.008507 0.000430 -0.010058 -0.012473 0.001306 0.012990 0.000200 0.010495 -0.015236 -0.007013 -0.004632 0.006665 0.010075 -0.014851 -0.015625 0.001561 -0.011624 -0.002419 -0.010837 0.005642 
22	0.002781 -0.015531 -0.001146 0.007469 -0.001339 0.008498 -0.001734 0.000411 -0.004394 -0.003849 -0.004644 -0.007577 -0.015576 0.007741 -0.009436 -0.005676 0.014678 0.014360 0.012430 -0.014047 -0.001855 0.007373 -0.009882 -0.012850 0.012702 -0.006039 -0.012334 0.014447 0.013349 0.004477 0.012922 -0.012190 
23	0.013451 -0.002678 -0.013588 -0.005750 0.000625 -0.013583 -0.014555 -0.000416 -0.012817 -0.010754 0.011096 -0.008940 -0.001631 0.003376 0.005259 0.014235 0.007696 0.002145 0.010471 0.003838 0.009547 -0.012526 0.006038 0.002487 0.005862 -0.001052 0.014765 -0.006372 0.012271 0.002069 -0.014169 -0.001779 
24	0.010818 -0.014785 0.006669 -0.011396 -0.001672 -0.001788 0.000743 0.004691 -0.010593 0.007995 -0.004036 -0.006798 -0.002820 0.015301 0.005452 -0.004710 0.009165 0.015559 0.014335 0.004178 0.013534 0.010283 -0.013052 0.013471 -0.005984 0.014432 -0.002337 0.007177 -0.014692 -0.013445 -0.008700 0.013278 
25	0.000842 0.006557 -0.000346 0.000892 -0.010928 0.014912 -0.014636 0.006156 -0.002600 0.005187 0.005045 -0.003730 0.013531 0.009327 0.000546 -0.010456 0.008084 -0.003109 0.014784 -0.001321 0.001984 0.008818 -0.014276 0.002739 -0.008558 -0.002682 0.003005 0.002425 0.003342 -0.002099 0.003370 0.001650 
26	-0.012751 0.013684 0.005240 -0.005914 -0.006689 -0.001008 0.007912 -0.002889 -0.012612 -0.015265 0.002388 -0.009121 -0.014923 0.001712 -0.005519 0.015172 -0.001462 0.002739 0.013076 -0.012202 0.002096 -0.015239 -0.004359 0.002801 0.005135 -0.010788 0.012998 -0.001375 0.005771 -0.001076 -0.008553 0.013252 
27	0.004810 -0.008128 0.005689 0.002754 0.010428 -0.005342 0.002862 -0.000411 0.005459 0.009215 -0.013751 0.013391 0.000422 -0.011042 -0.001032 -0.011986 -0.002914 0.009574 -0.010978 0.007039 0.002364 0.009293 -0.007999 0.015479 -0.010530 -0.008962 -0.005787 -0.009777 -0.014412 0.003221 0.002117 0.006904 
28	-0.002625 -0.009972 -0.009389 0.000565 0.006114 -0.001690 0.010090 -0.000632 0.001957 0.001904 0.007640 0.008252 -0.003859 -0.012281 -0.005599 -0.014316 -0.007993 -0.002868 -0.007410 -0.015078 0.015243 0.003292 -0.006350 0.002388 -0.009415 -0.004162 -0.014614 -0.010267 0.003149 0.003622 -0.009899 0.005203 
29	0.006287 -0.005702 0.013020 -0.002161 0.002431 0.007602 -0.005326 0.006577 0.009783 -0.006605 -0.006891 0.003643 0.011235 0.000743 -0.012699 0.014405 0.006321 -0.014269 -0.003235 -0.002724 0.007139 -0.015087 0.002209 -0.013605 0.006219 0.010472 0.009488 0.008479 -0.008348 -0.000776 -0.002602 0.006237 
30	0.012823 0.012093 0.011434 -0.007536 0.005661 -0.009208 -0.008373 0.001069 0.011818 -0.002639 -0.001793 0.002370 0.009184 -0.007928 0.011576 0.008915 -0.008943 0.001420 0.008483 0.001193 -0.012151 0.001475 -0.003620 -0.007109 -0.012165 0.002933 0.003514 0.001783 0.009592 0.014757 -0.009888 -0.014843 
31	0.008194 0.004752 0.012188 -0.004055 -0.005276 -0.010269 0.001142 -0.006980 0.008418 -0.005606 -0.010112 -0.004490 0.003421 0.002238 -0.001715 -0.008738 0.005037 -0.011559 0.008457 -0.012429 0.000338 0.003963 -0.004653 -0.003879 -0.013052 -0.009832 -0.008512 0.001515 -0.010398 -0.008394 0.004164 0.008897 
32	-0.007423 -0.010927 0.001373 -0.003343 -0.013829 -0.003984 -0.002168 0.003298 0.004225 0.000456 -0.012756 0.012745 -0.005256 -0.005176 -0.011007 -0.012454 -0.002905 0.002334 0.008616 0.004386 -0.001735 -0.014717 0.011459 -0.007601 -0.014453 0.002487 -0.003001 -0.005175 -0.006278 -0.010886 0.008758 -0.007539 
33	-0.014142 0.005667 -0.011275 -0.001660 0.015215 0.013741 -0.003013 -0.006872 0.012391 0.006849 0.012414 -0.009441 0.003875 0.005585 0.004751 -0.007670 -0.006988 0.014663 -0.001423 -0.002007 -0.000788 -0.005875 -0.006585 -0.008173 -0.011651 0.009921 -0.007291 -0.014815 -0.013490 0.000463 0.006133 0.011206 
34	0.007378 -0.003568 -0.001552 -0.000753 0.001325 0.014527 0.015229 0.006355 0.011825 0.010689 0.015388 -0.012059 0.004809 -0.013457 0.013812 -0.001953 -0.004902 0.005667 -0.002541 -0.014756 0.001406 0.002408 0.013086 0.009701 -0.009820 -0.013951 -0.000947 -0.000617 -0.010619 -0.002154 -0.014416 -0.011490 
35	-0.005368 -0.003509 0.015293 -0.003505 -0.015573 -0.007658 0.014591 0.000953 -0.000423 -0.008378 0.002942 0.009098 0.004512 0.010770 0.011948 -0.008031 -0.006204 -0.009150 0.004260 -0.008048 0.002662 -0.005606 -0.005602 0.015090 -0.008309 -0.001026 -0.009303 0.008236 -0.000475 0.014963 -0.007947 0.009065 
36	0.004145 -0.000008 -0.008890 -0.006897 0.011131 -0.013427 0.010954 0.013695 -0.012092 -0.001094 -0.014594 0.006193 -0.007528 0.011758 0.005029 -0.006794 0.005888 0.001996 0.004597 -0.005316 -0.010985 0.004738 0.007722 -0.007042 0.010850 0.008480 -0.003757 0.014752 0.009777 0.015341 0.001230 -0.011868 
37	0.008013 -0.011015 -0.001687 -0.013179 -0.014708 -0.011755 0.011485 -0.008269 -0.003829 -0.003958 0.005967 -0.015055 -0.014812 -0.005248 -0.009253 0.001538 0.014197 0.010334 0.007563 0.004120 0.007051 0.009821 0.005077 -0.011434 0.011178 -0.003299 0.004556 -0.000468 0.005727 -0.002327 0.010356 -0.001204 
38	0.015345 0.002725 -0.005758 -0.004071 -0.003827 0.000823 -0.005887 -0.002703 -0.003668 -0.014061 -0.000400 0.007749 0.015220 -0.011081 -0.010302 0.011947 0.008693 -0.006473 0.010297 -0.003882 0.000796 0.007363 0.009182 -0.014229 -0.006538 -0.002059 0.015191 0.010368 -0.000228 0.009907 -0.001162 0.007824 
39	-0.004208 0.010799 0.000458 -0.007690 -0.000323 -0.010622 -0.010988 0.003046 0.005862 -0.013317 0.002167 -0.012046 -0.009133 0.007627 -0.015123 0.010989 0.012572 -0.006061 -0.007121 0.001395 -0.004838 0.007408 0.013560 0.004427 -0.004105 -0.005443 0.002712 0.008887 -0.011208 0.005307 0.004558 0.000148 
40	-0.007905 0.002816 0.011922 0.005368 0.002380 0.000553 0.015550 0.008844 -0.011821 -0.009298 0.012366 0.012343 0.004448 0.005059 -0.010456 0.005327 -0.014948 0.014937 0.008757 0.008402 0.002744 0.005830 0.000503 0.002462 -0.000666 -0.006351 -0.008094 -0.011334 0.000910 0.001111 0.014524 -0.015393 
41	0.015080 0.014232 -0.001884 0.005507 0.007467 -0.012338 0.004360 0.013133 -0.013224 0.002068 -0.002047 0.004832 0.001885 -0.003038 -0.012216 0.001800 0.014820 0.015154 -0.009987 -0.013158 -0.014595 -0.011570 0.009219 0.004864 -0.009341 0.012838 -0.002214 -0.014711 0.012731 -0.009470 0.007172 0.000366 
42	0.006958 0.001755 -0.001015 0.000436 0.005604 0.010674 -0.000998 0.005672 -0.011147 0.010360 0.005894 -0.004816 -0.003846 0.002657 -0.004338 0.008057 -0.013945 0.002616 -0.011875 0.008210 0.012780 0.007945 0.009659 0.001102 0.005164 -0.006197 0.005977 -0.004188 -0.002040 -0.006143 0.012766 0.003385 
43	0.007917 -0.010995 0.009583 0.007144 0.001133 -0.004107 0.013497 0.010037 -0.000699 -0.002420 -0.009276 -0.003675 -0.011853 0.001733 0.001910 0.012562 -0.002814 -0.005223 0.008991 -0.014117 0.008049 -0.005744 -0.006015 -0.004653 0.005927 0.000337 -0.008949 0.011191 -0.008421 0.008822 -0.005160 -0.015095 
44	0.004735 0.015103 -0.004214 0.006899 -0.014513 -0.002378 0.005962 0.000857 0.006518 0.010611 -0.000571 -0.008905 -0.001590 -0.000184 0.014495 0.011043 -0.010514 0.000674 0.015370 -0.009856 0.000249 -0.015524 0.002437 0.013113 -0.014264 0.003606 -0.007197 -0.004293 -0.000915 0.013699 0.002202 -0.006859 
45	-0.013354 -0.002851 -0.009015 0.013899 -0.011797 -0.005399 0.009856 -0.008429 -0.008187 -0.006467 -0.007111 -0.005272 -0.011321 0.003578 -0.007953 0.008116 0.009251 -0.013050 -0.013211 -0.000927 -0.002839 -0.012372 -0.005534 0.011854 0.008238 -0.010915 0.014171 0.007192 -0.007851 -0.009539 0.014533 -0.002064 
46	0.004114 -0.011193 0.015597 -0.001228 0.014792 0.006673 0.001298 -0.011135 -0.003407 -0.009963 0.013972 -0.015069 0.002681 0.013276 -0.014879 -0.008314 -0.015263 0.009617 -0.002346 0.010578 -0.001150 0.002169 -0.012496 -0.013202 -0.008509 -0.007788 -0.014948 0.004605 0.009711 -0.014678 0.014492 -0.009789 
47	0.012022 0.002028 -0.010825 0.013755 -0.009741 0.002399 0.002275 0.012485 0.014871 -0.004452 -0.007991 0.012949 0.001331 0.003560 -0.014686 0.015572 0.003188 0.005677 0.010660 -0.005048 -0.010546 0.011994 -0.013776 -0.010263 -0.015214 0.013816 -0.004574 -0.005236 -0.008776 -0.011078 0.002875 0.013652 
48	-0.007103 -0.007746 0.004078 -0.005576 -0.004646 0.011621 -0.010649 -0.007768 0.004024 0.013566 0.014164 0.008921 -0.000512 -0.007613 0.012068 -0.007460 0.013171 0.002961 0.004173 -0.004114 0.006040 -0.009006 0.005947 0.010998 0.011964 0.015124 -0.000638 -0.004811 -0.006578 -0.006182 0.004398 0.013367 
49	-0.001987 -0.000359 0.003636 -0.001236 0.003566 0.008070 0.013914 0.004735 0.005662 0.002794 -0.000720 -0.003330 0.012081 -0.014386 0.012073 -0.003905 -0.012190 -0.009245 0.013900 0.011056 -0.014542 0.003629 -0.009531 -0.000518 -0.008263 0.000099 -0.011451 -0.008132 0.004780 0.007216 -0.014787 0.008716 
50	0.008328 -0.001124 -0.015606 0.000536 0.003363 0.010519 0.010042 -0.015475 0.012772 -0.004092 -0.011654 0.007187 -0.013075 0.003772 0.012913 -0.006266 0.001407 -0.009362 -0.002176 0.008960 0.006024 -0.008095 -0.002082 0.014268 0.006706 0.012534 0.005855 -0.011395 -0.009104 -0.005227 -0.000098 -0.002116 
51	-0.000696 0.014409 -0.015598 0.005042 -0.011690 0.006243 -0.010768 0.013623 -0.004300 -0.001154 0.014420 0.010361 -0.004294 -0.004891 0.001481 0.007673 -0.013343 -0.010502 0.013936 -0.006920 -0.010258 0.011819 0.000496 -0.012625 -0.009868 -0.000304 -0.008730 0.009750 -0.008572 -0.000378 0.001681 -0.000177 
52	-0.008195 -0.011687 0.008542 -0.003068 0.001652 -0.003467 -0.014341 -0.007020 0.011225 0.003995 0.011161 0.011806 -0.012475 -0.014870 -0.010232 0.015370 0.001766 -0.006850 0.009330 0.009853 -0.007790 -0.012854 -0.005537 0.003052 -0.013654 -0.015552 -0.006966 -0.004802 -0.005713 0.015255 0.007783 -0.013355 
53	-0.007034 -0.009383 0.007104 0.003301 0.014188 0.013601 -0.004887 0.011211 0.009196 0.013889 -0.008831 -0.011575 -0.006275 -0.010269 -0.000405 0.008322 -0.003644 -0.009454 -0.003838 0.006354 0.013970 -0.003845 0.001351 -0.011779 0.011772 -0.007009 -0.011349 -0.012448 -0.012770 0.008274 -0.006556 -0.013114 
54	-0.004398 -0.005648 -0.005651 0.015203 -0.004471 0.003300 -0.012187 -0.006908 -0.002223 -0.002944 -0.015406 -0.004893 0.010677 0.003460 0.009826 -0.002231 -0.000580 0.009158 -0.007913 0.012434 0.007607 0.002927 0.015122 -0.002074 0.004378 0.015621 0.002109 0.012768 -0.004112 -0.001723 -0.003523 0.003937 
55	-0.010422 0.004040 -0.002571 -0.010925 0.010566 -0.004310 -0.012608 0.014138 -0.013328 -0.014047 0.008827 0.013815 0.012906 -0.002380 0.013644 0.004427 -0.003408 0.011620 0.010272 0.011574 0.010003 0.009494 0.003511 -0.011861 -0.013928 0.012613 0.005703 -0.009542 -0.015378 -0.014746 -0.000078 0.013907 
56	-0.000421 -0.011665 0.005703 0.005316 0.014820 0.001235 0.000587 0.000213 -0.000043 -0.001723 -0.014050 -0.004307 0.010248 0.002139 0.002596 -0.001131 -0.002854 0.009038 -0.014325 -0.002725 -0.006603 -0.003445 -0.015407 -0.003230 0.002193 -0.014844 0.006807 0.000708 0.011722 0.004987 -0.001806 -0.014424 
57	0.012427 0.004727 0.005643 -0.004881 -0.007531 -0.001404 -0.014925 -0.011783 -0.000504 0.002998 0.014377 -0.004623 0.014697 0.007199 0.001528 -0.012423 0.001847 -0.012789 -0.008481 -0.009938 -0.005230 0.004621 0.015040 -0.011435 0.013654 -0.014150 0.006867 -0.008371 0.011306 0.004902 -0.006182 0.006495 
58	0.012788 0.003801 -0.009211 0.001303 -0.007765 -0.003072 0.001921 -0.002610 -0.001540 0.007760 0.004418 -0.013105 0.009790 -0.003938 -0.000883 -0.009941 0.013784 -0.010625 -0.012687 0.001701 0.004861 0.009307 0.000844 0.005037 0.013540 -0.013801 0.008893 0.000479 -0.009427 -0.010398 0.013371 -0.002170 
59	-0.013732 0.009471 0.010513 0.000713 -0.002365 -0.008111 0.011152 0.006327 -0.000011 0.011380 0.002294 0.002247 0.009309 -0.004199 0.007917 0.011355 0.006220 -0.007905 0.011295 0.000967 0.010470 -0.013654 0.004476 -0.002450 0.012046 0.012570 -0.007516 -0.009247 0.005976 -0.012196 -0.015396 0.000284 
60	0.012645 -0.007880 0.006529 0.010289 0.009783 -0.013029 0.000528 -0.001985 0.007524 -0.011531 -0.011341 0.008637 0.010619 -0.003866 -0.005240 0.000105 0.002801 0.008170 -0.014266 -0.004657 -0.002365 0.015029 0.003980 0.005425 -0.004385 -0.010799 -0.003154 -0.009900 -0.000145 -0.007861 -0.005680 -0.003063 
61	0.000141 -0.000737 0.010272 -0.015158 0.012435 -0.002451 0.005454 -0.012258 0.013526 -0.012357 -0.011592 0.010756 -0.001602 -0.012919 -0.010236 0.013468 -0.015277 0.000533 0.014208 0.007040 -0.001832 0.002872 -0.009647 -0.007568 -0.005565 0.001094 0.015536 -0.013560 -0.007573 0.008694 0.007916 -0.013155 
62	0.000509 -0.003459 -0.012670 -0.007056 -0.007982 -0.000863 0.007412 0.008318 -0.006246 0.005166 0.010145 -0.000210 0.004440 0.002597 0.000405 0.012439 -0.006789 -0.003381 0.010132 0.014750 -0.002143 0.014424 -0.006713 -0.000831 0.001253 0.013725 -0.010774 0.000046 0.000607 0.000861 0.015105 -0.007241 
63	-0.005655 -0.009273 -0.013071 0.004468 0.008144 -0.006570 0.006202 -0.012504 -0.011056 0.010418 0.000058 0.009916 0.006060 -0.002557 -0.003737 -0.006526 -0.003519 0.011500 0.011532 -0.008271 -0.013780 -0.005272 -0.010260 0.002185 -0.010138 -0.006058 -0.009480 0.015037 0.013974 -0.001750 -0.002230 -0.004151 
64	0.015208 -0.014738 0.008250 0.001442 0.006089 -0.012345 -0.014913 -0.001835 -0.012187 0.002540 0.004871 0.004460 0.009867 -0.012162 0.010255 0.004036 0.007681 -0.005228 0.000374 -0.011223 -0.003651 0.011368 -0.001764 0.008764 0.014541 -0.006515 -0.011926 0.000076 -0.012261 0.000870 -0.012685 -0.007899 
65	-0.000188 0.012552 0.004049 0.013058 -0.001505 -0.008863 -0.009626 -0.004857 -0.013115 0.004956 0.000158 -0.002020 -0.000993 -0.005461 0.014595 0.014856 0.002053 0.003022 0.007816 -0.008195 0.004509 -0.007791 0.013400 -0.009779 -0.010540 -0.004171 -0.010746 0.000857 -0.006835 -0.010808 -0.015449 -0.003995 
66	-0.007308 -0.002297 -0.008942 -0.007293 -0.007387 0.009438 0.005343 -0.006342 0.014765 0.015064 0.000827 -0.004615 -0.009574 0.005786 -0.015476 0.001377 0.001697 0.008757 0.015572 0.009424 0.000563 -0.000852 -0.011121 -0.008345 0.006873 -0.012758 0.010436 -0.004582 0.002089 0.004743 0.011504 0.011570 
67	-0.012790 -0.011187 -0.008952 0.014690 0.005172 0.000857 -0.004817 0.008051 -0.002869 -0.015034 -0.011925 -0.004714 -0.003076 0.001999 -0.006207 0.010333 -0.007232 0.015210 -0.002579 0.010072 -0.009097 -0.010661 -0.003207 -0.010801 0.015181 0.014389 -0.013711 -0.004230 -0.009403 0.002937 -0.001476 -0.010187 
68	0.013993 0.013984 -0.013092 -0.007915 -0.011982 0.005276 -0.013553 -0.005047 -0.008175 0.013171 0.012596 -0.006827 0.013458 0.011621 -0.001420 -0.013912 -0.011964 0.014199 -0.009012 -0.003093 0.007432 0.011586 0.011639 0.004176 -0.010594 -0.001708 -0.006976 -0.005411 -0.012072 -0.011144 -0.000828 -0.000553 
69	-0.013320 -0.002803 -0.003474 0.010749 -0.009076 0.011364 -0.011228 -0.005289 0.014474 -0.009541 0.005278 0.013097 -0.001025 0.000996 0.012202 -0.009699 -0.010574 0.010087 -0.003009 0.011497 0.005902 0.006711 -0.009503 0.003144 0.004500 0.004985 0.003723 -0.006980 0.012559 0.010467 -0.001902 -0.012626 
70	0.000022 -0.011525 0.014130 0.006063 -0.012073 -0.008008 0.013160 -0.013887 0.010421 0.014616 -0.006950 0.003942 -0.003799 0.014829 0.010735 0.014853 -0.004553 0.008657 -0.012222 0.003199 0.000416 -0.014383 0.008003 -0.000451 0.005019 -0.001662 0.002666 0.003529 0.010942 0.012893 -0.004843 -0.013306 
71	-0.003621 0.012052 0.013986 -0.001383 0.001468 0.006611 -0.008698 0.002287 -0.009435 0.000721 -0.003540 0.007643 0.000550 -0.013742 -0.007801 0.008288 0.009635 0.005826 -0.004311 -0.014417 -0.004156 -0.013376 0.009416 -0.012589 0.013699 0.002615 -0.004629 -0.001507 0.003454 0.003195 0.005406 0.014220 
72	-0.006966 -0.012745 -0.003442 0.009909 -0.015435 -0.007386 -0.003746 -0.000460 -0.011579 -0.006913 -0.003391 -0.010702 -0.008508 -0.000770 0.007310 0.011559 -0.007321 0.010686 -0.012598 0.007973 0.000072 0.009067 0.011525 -0.014656 -0.013355 0.014014 0.014179 0.015462 -0.015410 0.006481 -0.015003 -0.007486 
73	0.012932 -0.010556 -0.007212 -0.014935 -0.010126 -0.003662 0.002688 -0.009297 -0.009490 0.006869 0.010347 0.008638 0.012477 -0.012183 0.010611 -0.014614 -0.009635 0.004000 -0.009252 -0.000384 -0.011759 -0.009816 0.010133 -0.004897 0.008679 0.000530 -0.004418 -0.000118 0.010244 -0.009389 0.001625 -0.003466 
74	0.000930 -0.013404 0.006005 -0.010602 0.003105 -0.013094 -0.010396 -0.012048 -0.005028 0.002827 -0.008031 -0.007751 0.015183 0.015381 -0.002407 0.000576 -0.002673 0.008387 -0.003528 0.014956 -0.002638 -0.014334 -0.005370 0.008905 -0.009648 0.000143 -0.000226 0.011579 -0.008602 -0.013638 -0.005844 -0.009549 
75	-0.001111 -0.004208 -0.006749 0.006467 -0.002128 -0.001257 -0.014802 0.014823 0.002365 0.010534 -0.011767 0.003502 -0.011344 0.001547 0.006515 -0.003893 0.004630 -0.003230 0.010112 -0.004523 0.009789 -0.008192 0.002217 0.013032 -0.001787 -0.004003 -0.011049 0.013527 -0.015012 -0.000380 -0.002893 0.003469 
76	0.013781 -0.007717 0.008652 0.006495 -0.013047 -0.008348 0.005973 0.011394 -0.001867 0.010459 0.007135 0.011081 -0.001297 0.006210 -0.002941 0.014677 0.000927 0.002664 0.012475 0.007184 -0.014715 0.005708 0.003223 -0.002714 -0.000110 0.005866 -0.007201 0.010113 0.011051 -0.003752 0.008828 0.015248 
77	-0.014060 -0.011403 0.008871 -0.001980 0.005857 0.009230 0.008198 -0.000255 0.002677 0.004996 0.004627 -0.005794 0.005910 -0.011649 0.000822 -0.009589 -0.013348 -0.002498 0.014557 -0.010467 0.001267 -0.009601 -0.012993 0.013478 -0.011515 0.001203 0.000653 -0.001695 0.012198 0.006255 -0.000136 -0.009460 
78	0.008172 0.008849 -0.002423 0.002576 -0.003897 -0.000271 0.006678 -0.004144 -0.002098 0.007202 -0.009337 0.003389 -0.006906 -0.000782 0.000799 -0.008482 -0.000939 0.009425 0.009908 0.011840 -0.012002 0.004732 0.009554 -0.007315 -0.000069 -0.002511 0.002435 -0.014412 0.004450 0.010752 0.001232 0.002341 
79	0.008444 -0.001397 -0.006808 0.007866 0.010506 -0.015524 -0.013209 0.009529 -0.004119 0.004470 0.010897 -0.011690 -0.002835 -0.013770 -0.012765 0.003030 -0.003783 -0.000695 -0.002599 -0.005927 0.007278 -0.004863 -0.012214 -0.007954 -0.004974 -0.014238 0.011343 -0.007177 0.004439 -0.002842 -0.006407 -0.001434 
80	0.010244 -0.004702 -0.009564 0.015360 -0.011761 -0.007309 0.002807 -0.010556 -0.003678 -0.004702 -0.014920 -0.003948 0.007498 -0.001715 -0.003010 0.012391 -0.012536 0.005962 0.009920 0.005549 0.004126 -0.007081 -0.002586 -0.002904 -0.003680 0.009493 -0.006118 0.006483 -0.015504 -0.007749 0.001730 -0.010314 
81	-0.011707 -0.001491 -0.015271 0.006115 0.014792 0.005147 0.013297 -0.010638 0.003129 0.001090 -0.012326 -0.011460 -0.014648 0.013062 0.008817 0.001546 -0.000211 0.009801 0.007030 -0.010926 0.001553 -0.005718 0.007629 0.009376 -0.004178 -0.012487 0.014175 -0.010930 0.011434 0.012518 0.011360 -0.004155 
82	-0.015129 0.009655 -0.009631 -0.006890 -0.014699 -0.002338 0.013428 -0.013821 -0.002204 0.005130 -0.009751 -0.007442 -0.006127 -0.001890 -0.007350 -0.012976 -0.011475 0.001591 -0.001296 -0.006630 0.000337 -0.014915 -0.005513 -0.011189 0.004022 0.014341 -0.015250 0.014334 -0.008258 -0.008249 -0.003937 -0.015583 
83	0.005889 0.013490 0.015101 0.007933 -0.013114 -0.009787 -0.002174 -0.010961 -0.010975 -0.005518 -0.004345 -0.011687 -0.009605 0.011203 -0.006004 0.008656 -0.008867 -0.006413 -0.002653 0.012710 0.006463 0.015004 0.004990 0.002711 0.007042 0.002509 0.011252 0.011448 -0.012681 -0.010161 -0.005188 0.008198 
84	0.011508 0.004739 -0.007998 -0.010276 -0.000180 0.014484 0.000187 -0.000997 0.005319 0.011537 0.008739 -0.009287 0.009787 0.015537 -0.009845 0.008472 -0.001928 0.002718 0.002897 -0.014932 0.000378 -0.008489 0.000119 0.002899 0.013611 0.005781 -0.008604 0.003483 -0.007853 0.008318 -0.010869 -0.004857 
85	0.004048 -0.008898 0.009991 -0.015492 0.008420 -0.011436 0.010352 -0.003731 0.015481 -0.001801 0.006850 0.007829 -0.007035 0.001541 0.008020 0.006512 -0.004590 -0.000802 0.003230 0.002866 0.006905 0.005068 0.000213 0.009745 0.008537 0.004428 0.012727 0.013641 0.011290 0.013247 0.011447 -0.012577 
86	0.007382 0.005612 -0.011361 -0.000135 0.013563 0.009245 0.013101 0.011991 0.006190 0.013061 0.005199 -0.013408 0.006805 -0.011741 0.003771 -0.014002 0.015431 0.012457 0.005235 0.013894 0.014864 -0.008712 0.012453 0.005639 -0.015584 -0.012228 -0.007617 0.009889 -0.001584 0.009816 0.015250 -0.001100 
87	0.007044 0.012779 -0.003183 -0.013128 -0.007808 0.013939 0.003176 -0.002371 -0.003039 -0.006979 0.002530 -0.001284 -0.002855 0.010823 0.004542 0.011986 0.012255 -0.002211 0.015232 0.010292 0.006416 0.013403 -0.010132 0.000514 0.011439 0.009882 0.014071 0.013081 0.000582 0.001841 -0.012183 0.006001 
88	0.015608 -0.007809 0.003157 -0.010529 -0.004386 -0.010276 0.006995 -0.002742 0.010915 0.014117 -0.004651 0.014476 0.008909 -0.009679 -0.005396 -0.013386 -0.004689 -0.007503 0.007472 0.002128 0.013952 -0.013695 -0.001467 0.010102 0.000173 -0.013737 -0.008110 0.014037 0.002966 0.001526 -0.007061 0.014467 
89	0.012143 0.011277 -0.010097 0.012603 0.008410 0.003313 0.000604 0.004728 0.009985 -0.011961 -0.010714 -0.008291 0.006947 0.005136 -0.010805 0.015458 -0.001902 -0.001124 -0.015494 -0.009021 -0.003681 0.008945 -0.007250 0.004965 -0.002486 0.004195 0.012557 -0.014531 -0.000446 -0.000429 -0.015172 -0.008737 
90	-0.008338 -0.000898 0.010261 0.008844 -0.000001 -0.013631 -0.000287 -0.005990 0.009168 -0.002625 -0.006497 -0.009453 0.002408 0.004884 -0.009864 -0.007190 0.009426 -0.015624 0.003921 -0.014676 0.004068 -0.006610 -0.002847 0.001604 -0.003343 0.000741 -0.012008 -0.003684 0.007940 -0.014337 0.002500 0.004583 
91	-0.006052 0.000186 -0.010696 0.007709 0.007789 -0.004766 -0.010581 -0.013746 -0.003930 0.010512 -0.010340 0.005748 0.004154 0.014787 -0.001400 -0.000007 0.015068 0.004940 -0.011557 0.002566 -0.009864 0.004726 -0.001418 -0.003642 0.004851 -0.010377 -0.004139 -0.010244 -0.015453 0.001018 0.011575 -0.010097 
92	-0.004656 0.003137 0.015248 -0.001987 0.005372 -0.006485 0.014879 0.009826 -0.015325 0.014454 -0.008634 -0.013084 0.009331 -0.001324 0.001037 0.005854 -0.006212 -0.012755 0.012378 0.004426 -0.000352 -0.003606 0.014199 0.007961 0.001186 -0.003925 0.000458 -0.007098 -0.007484 0.008826 0.003744 0.012633 
93	0.000415 0.009924 -0.007588 -0.015427 0.005677 0.000302 0.002324 0.012427 -0.000632 -0.005221 0.005355 0.011070 -0.015616 -0.010645 -0.010549 0.007764 0.002395 0.001947 0.005557 -0.010779 -0.006121 -0.009964 0.014341 -0.009548 0.003873 0.007620 -0.015102 -0.006735 -0.010427 0.002922 -0.012706 0.009725 
94	0.002847 0.007995 -0.008325 0.002650 0.008024 0.010182 -0.007086 0.013109 0.004346 0.000818 -0.002976 -0.010857 0.003994 -0.011275 0.013305 0.013895 0.001623 0.005595 -0.005365 -0.013492 0.005839 0.007521 -0.000555 -0.011632 -0.003737 0.004781 -0.002728 -0.006614 0.011558 0.012985 0.009500 0.010886 
95	0.010812 -0.001180 -0.012449 0.000577 -0.014489 0.010448 0.000982 0.012538 0.004578 0.001124 0.012078 -0.011869 -0.004799 -0.006771 -0.002842 0.005928 -0.011149 0.005238 -0.008224 -0.006015 0.006257 -0.007588 -0.010181 0.001863 -0.000838 0.005313 -0.005391 0.001366 0.001674 -0.010679 0.012801 -0.007933 
96	-0.002747 0.014105 -0.008768 -0.013536 -0.008420 0.007076 0.006205 0.008439 0.004528 0.009941 0.002480 0.009660 -0.000879 0.014780 -0.014650 0.012868 0.000205 0.007665 -0.001517 0.002322 0.010920 0.001048 0.005783 0.002259 0.013722 -0.012024 -0.006846 -0.008396 0.010181 -0.014458 0.014964 -0.015304 
97	0.010672 0.004148 0.004210 0.001376 -0.008698 -0.005330 0.005220 -0.010288 0.009345 0.013434 -0.004942 0.013881 -0.000244 0.003061 -0.010397 -0.010274 -0.000005 0.004765 0.005648 -0.004106 -0.000304 -0.014866 0.000493 0.006305 0.008431 0.007491 0.002594 -0.015563 0.014858 0.006829 0.008058 0.002120 
98	-0.007209 -0.001896 0.006125 -0.003446 0.001956 0.009440 -0.012580 0.002264 -0.003832 0.005090 -0.001961 -0.014202 0.000926 0.011007 0.002033 0.009854 0.007176 0.015062 -0.007537 -0.009061 0.009391 -0.006807 0.012705 0.003361 0.008313 0.003104 0.010196 -0.011254 0.000203 0.000335 -0.009125 -0.001309 
99	-0.002644 0.010147 0.009212 -0.008880 0.004769 0.004118 0.001523 -0.014644 -0.004448 -0.008024 0.006239 -0.013742 -0.005670 -0.013660 0.015170 -0.006787 -0.013044 -0.006885 -0.011063 -0.014532 -0.010024 -0.000509 0.003019 -0.007376 -0.007383 0.013485 0.013440 -0.014636 0.005943 -0.002907 0.010917 -0.007352 
