1112 386
1326 812
1147 1328
1586 143
1076 15
1102 594
113 1460
1305 1695
1115 1810
1654 587
1470 807
564 464
1559 331
1367 427
1064 295
2121 682
523 1765
962 438
1382 318
568 1278
384 1827
170 1417
664 723
1024 1544
1531 498
1119 118
1849 257
1937 1687
1503 19
760 1033
1226 536
295 33
462 484
1428 1837
1391 145
67 754
626 1392
1961 280
669 268
60 1966
855 882
803 487
498 118
2093 54
768 1101
325 1322
157 1381
1877 438
997 1325
1997 397
828 1128
1523 535
846 1123
469 1555
1937 981
227 1370
1411 1694
405 1918
18 1606
1387 1712
1749 2085
1906 474
895 1968
340 618
1095 2124
1729 1751
13 1419
971 1807
255 419
2114 925
598 73
82 1617
128 788
116 1242
100 1848
627 1893
867 318
1632 1745
664 1300
1327 314
1505 1174
487 280
498 1840
1099 312
689 1053
1549 1665
1661 1170
1687 1937
328 619
47 1439
1089 1736
73 598
577 1210
1009 1608
1240 855
351 814
580 1583
1885 2073
1564 175
1694 563
338 1771
750 1422
413 1245
1745 1917
1204 1290
1777 71
239 1610
548 1414
1884 670
714 1670
421 1517
1959 1427
487 803
796 520
740 2084
1670 1647
2095 59
1024 1473
1723 378
1495 1886
951 1272
29 1670
498 1119
981 1272
1054 1866
1312 1079
990 277
377 1869
850 1477
1803 962
1544 19
1105 873
1334 1670
929 170
9 1586
319 2078
745 930
1891 2007
750 410
981 2037
1088 391
1222 1685
1927 426
936 1180
1105 1172
257 1723
1338 672
1451 328
1302 357
1160 2112
1421 1220
302 52
985 185
1762 541
1748 67
510 1290
1859 642
387 980
1071 322
1355 605
1926 100
1095 404
1580 1857
1605 927
64 1723
553 1288
1554 1235
603 440
1200 834
1906 1763
1972 1595
1680 1138
374 1427
951 1450
748 627
1457 818
1233 53
1521 226
382 301
2113 1205
1115 1943
1958 1151
257 771
1996 1898
1095 1906
1263 1150
731 1471
988 895
410 750
897 1849
439 1180
162 1638
1212 265
1608 411
1832 421
1926 1472
1387 1454
236 1143
1300 106
1014 514
397 1783
27 2053
1288 553
693 1946
585 1187
774 1440
2088 1988
1755 2058
161 954
1615 1291
877 493
1311 149
799 1873
1387 886
1804 1261
1443 1659
1848 1095
2121 1958
247 728
1608 1745
1698 1711
1901 1904
1861 1179
1491 526
1559 988
1115 1272
709 1617
653 2068
1966 1619
111 708
1351 1179
390 1796
2025 1233
1848 725
393 118
2068 1786
994 419
1840 498
74 136
1191 799
994 164
1729 1330
49 176
257 38
1384 1708
703 67
2013 141
1608 1917
1687 951
1729 1880
1345 971
447 437
1312 106
464 564
106 206
1765 49
165 498
1187 261
1940 1768
1176 520
1731 1551
492 1178
220 1936
7 488
1457 219
1455 1472
2113 1917
33 1770
931 1745
1115 1817
520 796
532 1264
1006 636
176 157
960 1438
955 1764
1427 1382
981 302
938 1949
1245 401
1026 814
1913 646
1673 648
45 1081
1175 1801
349 1765
603 84
874 988
1775 118
331 522
875 1544
281 1443
1410 118
1670 1859
1338 1155
1922 505
1946 962
1070 225
240 716
814 550
1886 534
596 1255
396 1297
2037 2008
1672 158
1240 482
521 1306
881 281
665 518
1209 1179
676 1402
124 1914
18 959
1375 1008
118 393
1138 494
1179 1307
1765 1939
1910 342
613 1222
615 2005
32 90
1638 1675
463 1949
700 792
137 1540
1239 1445
1064 1040
1777 1184
350 1814
1990 1750
12 55
1312 352
940 1738
672 456
1887 164
865 880
632 1391
314 1385
85 2110
105 619
349 1885
309 684
981 1521
871 1086
1689 241
1148 1000
1437 741
605 117
1659 1406
701 1544
1309 1394
124 1755
1272 302
199 701
954 161
1857 1443
99 1440
2070 725
1240 584
1638 124
1604 119
2108 729
1283 2083
74 1939
875 19
988 1896
74 1792
33 295
2096 1913
268 1338
869 1391
2084 1225
455 732
897 1067
946 858
2016 815
1746 1528
95 146
1349 398
619 789
500 1230
2028 1783
1569 112
962 1208
348 856
1657 1398
1765 1590
910 310
672 1338
1457 1001
1469 221
2081 1773
794 1187
920 1199
514 666
1730 716
1387 472
1325 1558
1409 1090
790 956
1797 1306
1765 1006
1196 1765
1457 1213
1102 1650
2022 64
1178 492
470 1703
137 1394
1097 1322
1027 1039
929 981
1239 91
1451 619
959 2124
335 98
2049 972
1635 1204
90 892
1521 981
498 1517
464 1376
1406 574
722 1968
2036 1156
1588 456
615 1062
106 1300
1055 452
1966 1327
2081 427
1313 109
54 2093
59 2095
1618 1822
979 214
86 1855
1502 386
669 1458
2003 383
2067 1291
261 1522
1458 1709
1272 1849
518 951
670 1880
263 48
505 716
1438 814
980 1209
501 1744
1593 1723
1233 1380
1590 136
942 700
346 625
456 1064
1255 649
169 67
1048 1386
266 2112
1705 804
464 1638
1991 1745
1927 331
1669 224
1327 1212
733 1122
301 382
1608 1009
817 1364
1190 1473
371 268
1300 1832
1297 396
2075 1825
1187 1095
1913 1291
79 1917
1328 374
168 1766
855 482
2117 2030
2094 2116
1765 968
1985 1723
314 1884
1580 1729
1230 631
708 1156
37 1523
381 133
1650 1327
1468 346
415 640
577 639
1893 627
1460 738
1591 491
1043 1638
324 774
329 2073
1734 137
1998 578
1238 725
195 2104
421 1381
1484 1366
1677 1346
1818 1905
1464 217
2036 1009
144 1144
968 1765
886 1073
1653 1773
2061 1843
482 1240
1970 1863
1300 1801
264 1054
961 953
923 873
830 291
2024 787
1770 1095
1190 1504
1417 929
268 1807
1524 384
602 1615
498 560
1734 302
1338 268
1729 63
863 1755
1233 1593
1663 1939
1427 374
2117 895
1814 259
938 1111
1392 1628
1714 1959
1577 183
2036 440
609 1422
1501 1191
1443 1507
722 1338
2117 1968
594 1102
666 983
1745 1975
856 2073
1851 629
1680 948
1377 1937
915 1697
1617 82
464 539
419 1563
1863 310
734 394
1673 2043
245 1402
329 540
1598 700
778 1648
324 1141
1130 1196
1299 1866
1971 1372
1857 329
935 1732
1845 342
1517 1917
1864 1823
812 496
1437 1163
1811 738
38 1723
475 2127
1544 1106
2124 1095
1471 731
535 1523
1797 331
280 1528
980 415
2086 792
670 721
1312 1886
1352 1849
2112 318
399 1023
1475 1753
1235 1367
1866 1115
179 1267
1569 881
369 631
310 910
1800 650
1404 1724
2084 740
1225 102
1053 314
269 1888
1116 2047
764 285
1687 38
111 1698
2057 1920
639 744
1414 939
2092 1262
1757 1599
923 2127
814 1438
82 1256
981 64
1031 687
100 1035
1892 1788
1210 639
1723 137
1440 99
1316 867
724 1053
981 1066
804 1705
1254 320
1275 2117
704 1819
257 1959
318 1382
1095 523
714 1064
2058 900
1912 257
1238 2120
1264 2024
16 1254
1618 672
1 2003
156 1590
1862 1843
2117 1446
93 1165
2044 1877
1102 1427
375 107
951 897
1403 1361
548 1340
364 557
1349 278
338 2011
258 266
1188 1224
1312 1406
493 1356
1468 2032
787 1639
64 929
1419 13
996 59
835 2053
302 257
1376 1900
1427 1765
1158 1291
2110 1807
273 460
92 104
820 23
1387 1073
1937 474
450 218
24 1949
1847 1994
1662 660
113 964
807 1470
1268 82
176 1381
1745 314
1225 257
1676 1831
1261 1357
86 724
2078 346
1880 1729
1729 2040
2024 2036
1128 828
723 664
523 60
1429 185
772 419
962 1803
352 1312
1610 239
1554 1385
137 1959
423 1312
195 634
2073 1524
473 1729
219 1457
1267 179
1811 1784
1402 1483
1751 1729
1222 613
1194 2113
117 873
195 1563
738 1115
845 2058
302 1849
1233 1964
1385 1327
1959 1272
60 1745
1248 1644
67 513
1615 602
1477 850
1594 1886
734 821
79 1228
538 1115
819 687
850 1381
738 1460
1859 1561
274 134
220 1284
1472 1926
1115 1937
555 1694
1445 1239
266 1095
314 461
1262 1507
1597 1972
1012 1168
1912 194
2105 1786
151 250
1672 293
784 477
951 1849
1946 318
1801 157
1880 670
370 1356
518 1459
472 1752
1502 38
725 438
211 1962
1150 1020
518 1115
1210 577
2114 1511
1622 1035
277 486
962 1316
1859 265
1959 1687
1288 1913
2127 475
2041 1732
1571 1745
776 384
1115 1394
1614 924
331 115
912 203
833 1478
1650 1779
1857 2006
199 19
253 1822
547 1095
302 1225
1155 556
1427 630
1173 1308
1139 1859
746 1759
976 2001
1385 498
782 1296
1427 523
1471 1894
273 1382
1687 1352
1127 677
384 1245
2027 1644
1306 521
2092 1495
1291 289
1517 672
149 1311
981 137
951 257
1653 1543
1564 225
1695 1606
1886 1594
1666 491
1755 707
1687 1245
1493 331
1807 971
1189 902
1001 233
1590 74
2110 547
1625 1001
867 1946
884 717
1710 1580
59 996
646 1101
370 331
1859 626
68 1942
1815 877
996 1565
115 331
383 1036
1495 498
175 936
1685 73
1723 1985
513 1811
257 1321
331 1100
1393 2122
666 514
440 84
1341 650
1224 1630
2077 1277
810 4
104 92
1904 1901
365 63
1095 1725
100 1644
1900 38
844 1172
1245 2126
1616 393
580 1066
342 49
1765 1729
640 1777
1270 1959
1950 153
1067 951
1235 1775
540 329
897 1131
1356 877
1859 1991
1190 1544
1445 91
535 318
2081 1745
2124 1517
257 1736
19 1190
584 539
1890 1861
338 977
1590 156
1102 2073
1799 1084
734 509
1133 1920
2099 520
1765 1261
808 495
67 703
1225 1233
2076 1784
1225 179
1515 1206
118 1410
971 1880
1892 1443
353 634
202 661
1714 903
1868 1900
137 1985
1004 220
1701 318
1304 84
574 1406
1980 1723
137 1272
1006 1079
1723 615
13 2104
240 72
1064 1917
1585 1475
1389 210
322 914
1079 790
1802 1233
498 1180
1559 66
1264 600
619 173
1734 1687
1495 1729
628 1989
1881 334
1884 1745
260 2077
185 82
1734 981
1369 1826
1802 467
1714 1435
838 113
157 1801
980 387
2007 1891
1311 359
1422 2013
1245 1687
38 1502
1720 1479
1585 152
1316 1848
1 1931
1682 1525
2103 2059
1312 1561
928 112
1944 1455
958 1866
76 436
260 220
520 1176
1903 1650
886 1387
278 1349
412 816
1944 791
1750 804
1885 1941
182 1233
2073 329
927 1605
260 1611
697 186
748 2010
873 117
421 1079
1351 118
2060 2023
1690 255
1745 1884
378 1723
1300 664
1180 75
1385 1694
1196 1130
312 1099
281 881
1504 1503
720 1385
1734 951
1914 124
1131 1849
432 274
1801 1322
1744 2108
281 895
1300 959
299 353
344 1217
1361 1688
105 789
1822 157
194 1912
569 59
394 734
1386 1048
602 1787
1053 86
418 1323
1495 2092
1095 1768
1896 988
1354 2053
2088 2069
1040 1670
617 2017
1459 518
956 790
1431 763
64 2125
1068 1967
1842 1561
1765 74
822 55
137 183
1062 615
1394 1085
971 1457
1495 1091
1834 652
257 1225
1466 1715
318 1701
640 626
1528 812
1352 1233
1561 1312
1544 868
1580 2103
1471 1988
17 605
1385 49
302 518
75 748
100 2070
1560 202
503 428
1833 980
1663 1168
1792 799
402 1515
1262 794
175 1564
873 1861
1885 349
2110 1941
1882 917
438 2044
745 2021
970 44
615 1723
514 1252
1333 271
808 954
1561 13
1398 1657
307 692
277 990
2073 856
1325 1412
2014 2039
1920 2057
932 962
1507 1849
968 456
1866 1831
1276 366
1338 665
1504 2043
1039 1027
1517 1064
1556 990
1109 292
1280 1638
1308 581
1914 1638
1672 1732
1849 302
247 1819
1548 460
255 1690
675 1214
1517 229
272 1804
1959 137
107 7
1827 1765
735 1238
1055 1268
282 1958
902 599
3 988
11 1792
2045 2021
1144 144
1312 427
1502 1734
1608 2026
278 392
1752 1348
965 257
371 959
302 1176
424 1914
2012 738
1115 1980
676 795
1201 720
318 867
1551 1731
923 1262
1026 351
1245 981
229 1517
1900 1868
660 707
1359 756
1237 329
446 2067
410 1422
748 431
158 1672
152 683
1872 1391
136 1590
187 1245
1606 1608
1849 137
584 727
1550 1757
332 1573
738 2012
106 1312
1695 1305
523 1427
1561 1079
1115 302
1084 1799
523 701
1221 420
911 799
1970 1316
2092 427
526 1491
1224 1926
535 814
1670 1334
970 1158
672 1517
935 1869
1015 1734
1495 734
1336 1849
1262 427
1857 1729
1228 1268
59 1003
790 1079
769 1595
1650 1972
423 1765
787 2024
1729 1936
593 636
587 1324
1878 15
182 1417
656 273
541 38
1352 38
151 2035
1272 951
1922 1375
1944 1472
1165 93
1225 446
814 387
1260 1444
2050 1382
137 257
1590 1430
1233 1687
398 392
2067 1875
1346 1725
73 951
1245 2073
1346 542
412 5
1079 1312
1810 838
1454 266
2076 1811
1312 2006
1740 1768
1439 1884
1734 1937
1243 264
683 152
1988 2088
551 997
997 1971
1363 665
378 1604
1115 1185
741 1437
1366 1484
688 323
1741 47
1524 790
1638 1280
2120 332
318 2112
1069 2091
1473 1190
1228 54
556 1594
563 1694
988 874
1402 676
1036 2003
64 137
857 394
1991 1859
501 1224
2041 1162
1331 199
1968 722
1917 79
880 865
1274 1771
302 38
737 1473
1243 1597
2091 1069
109 1313
1188 1839
1954 352
974 1495
477 417
233 787
16 768
283 881
895 799
1723 1604
1745 2081
1333 1819
1626 9
906 331
1886 1495
988 180
1734 257
1095 1880
1732 1869
1765 410
1845 1327
988 1849
1827 776
131 704
1306 1797
310 822
1394 38
1755 124
1006 856
1323 418
1252 1369
121 1765
1086 871
1360 106
775 203
1620 2097
1787 602
1994 506
366 362
1498 322
2003 1
1949 463
241 1689
1443 281
1006 519
1158 1128
1927 115
102 2084
186 1950
1367 176
118 2124
1392 738
1799 938
1765 3
461 266
1627 1227
1035 962
670 1884
634 846
691 2120
2017 1089
1454 314
55 160
1201 1394
1697 915
1986 538
1763 1906
1974 51
1890 398
1569 911
1272 1233
1343 1550
369 1230
384 1524
1454 1561
568 583
807 714
458 1526
1387 1134
220 1698
1521 1432
336 1852
530 626
189 1586
1291 1158
1491 764
649 1255
1781 1438
75 424
973 899
2046 1391
50 1170
721 649
606 1859
137 1687
1264 833
1776 577
2018 1745
322 1498
1685 1962
63 1857
1238 231
1443 1857
475 441
1357 698
1786 2105
1224 1724
597 1792
1176 1564
339 558
115 1927
55 1485
1391 1937
906 2114
750 2013
947 1422
463 1255
1937 1272
1923 988
895 2117
1422 750
814 926
1097 601
1755 752
959 18
229 1917
814 535
1264 14
1527 499
441 1564
1115 1866
1373 1450
1710 545
398 278
639 1776
639 1210
1779 1069
224 1669
1012 1707
1717 763
1985 64
3 320
1711 243
234 729
255 297
1657 1849
173 619
788 1680
2034 1485
1821 1439
1333 247
2127 923
861 1517
265 1859
1324 126
1272 983
478 412
1647 1670
1255 463
571 693
751 1272
817 1206
137 38
295 1302
310 183
1179 1209
2019 1223
1765 602
1614 748
268 1604
1427 394
1009 1005
2011 338
373 1572
1101 768
98 335
1189 599
946 531
1590 121
1723 731
1848 128
1807 1521
1199 920
262 233
493 81
1369 1252
1394 235
163 1507
630 1427
1364 817
703 1748
1199 294
1268 1228
962 128
1607 1849
1734 524
2001 1385
1272 608
1452 1382
660 124
1174 1505
1066 580
1894 1844
1388 1602
1884 644
1095 1885
849 2052
176 1367
82 430
1224 1428
1387 1752
1471 1844
1192 365
157 1970
1909 245
1382 2050
1573 1679
157 65
113 838
887 172
1499 1230
1765 2113
1745 1357
1233 137
1245 137
2103 1580
253 664
81 493
763 1431
1000 1148
266 1454
1426 1678
678 1233
903 958
586 1357
2113 1053
178 1249
1208 1205
1885 767
1695 1291
1438 960
2073 1102
1141 1363
809 498
1291 1695
919 819
939 1414
995 110
1312 1659
1206 817
381 584
1993 199
1267 782
265 1729
278 398
1687 1959
962 655
1515 402
464 17
1626 1797
1427 261
1884 1873
2049 1272
1206 1515
781 1764
1628 626
1930 1494
1055 224
1959 1233
1162 2041
1245 329
1172 1105
1528 1961
2108 234
1495 1387
1446 1458
1765 1807
1723 981
816 460
1371 500
2007 374
929 1245
1639 2024
1175 54
667 793
1220 1421
2051 1517
831 82
2127 395
1081 786
112 928
256 542
1103 1626
1859 289
768 16
1544 875
716 1866
338 75
1385 1312
137 1245
1054 1243
821 734
427 1262
1392 611
1327 461
121 1590
2088 1501
722 672
1941 1885
1224 82
677 1127
440 2036
84 603
1380 1272
1834 1392
520 1546
281 2034
1404 1224
1941 2110
971 133
802 2110
1745 931
1517 646
374 1590
2068 2035
981 1985
1430 1590
2123 334
70 451
1447 1512
1517 1338
1387 457
2046 145
1769 73
1845 1252
1095 1734
1832 1650
1272 751
1338 1517
1595 1936
1376 751
1324 1774
1918 706
395 2127
614 965
2073 659
434 1357
1095 128
38 1394
2092 1381
1320 2068
985 430
1373 555
631 1230
1208 630
730 1595
1668 1843
994 255
149 582
1775 1235
451 70
2058 1270
1054 1302
2093 1721
925 954
1482 432
367 1311
1664 988
767 1327
608 1272
352 1954
2079 623
1457 1427
1915 365
1818 1048
1290 2031
646 1517
1095 363
1857 1765
284 1987
1694 1411
1092 9
1271 701
780 54
1905 1818
646 229
568 89
107 680
791 840
1559 1896
1120 1255
430 82
1316 100
1863 1970
823 656
151 1320
374 2007
782 1267
926 1964
799 1884
693 2027
574 1443
1802 1964
1841 1894
518 1338
505 266
498 1698
307 1440
1744 1576
175 735
60 1885
1840 333
534 1886
1504 19
1473 1289
2006 1857
626 78
1982 1280
1185 1723
302 1233
2112 266
1638 1489
660 752
1604 378
331 1493
1205 2113
1290 676
265 1805
2090 175
1540 1771
1638 162
832 1807
1035 1622
1639 951
38 1352
1333 846
398 1349
775 1973
656 1382
938 1799
1618 722
848 32
1771 851
1457 1745
225 1564
1968 2117
1095 2125
2043 1544
13 1939
126 322
1573 332
328 1451
143 1586
1604 1859
833 600
1583 1176
427 2092
128 440
331 906
1972 1650
621 474
25 1917
1546 520
740 102
1495 747
655 962
1961 947
467 338
728 247
498 1765
498 1531
396 70
1412 1325
1605 1922
188 1394
310 302
257 951
558 917
1170 1661
1495 1712
1194 1765
1082 1953
1569 637
1006 348
50 1661
1142 1582
1233 1723
633 18
1749 1394
2112 1160
1394 1201
49 1765
440 603
1341 93
1687 518
1291 1615
1714 1641
1346 1677
1149 331
423 1771
1734 38
1616 1695
1886 556
19 1504
2124 959
774 324
225 441
1494 28
530 640
1847 1028
331 655
680 107
1206 69
1440 307
1644 1288
48 611
1368 2034
1089 2017
1779 1763
1667 1381
188 349
2125 2022
845 1275
1224 867
1115 658
846 299
1493 1559
1617 288
292 248
1337 1429
1839 1188
1688 1361
2059 506
394 414
441 225
1381 118
457 1522
274 1765
858 1924
38 1900
1403 267
731 1723
1224 1207
1485 2034
309 285
344 339
1272 38
971 1345
1729 1261
1344 1138
1270 2058
1136 892
2003 1036
74 1590
1797 113
359 1863
185 985
1245 832
1561 1859
1394 188
1801 1561
2110 802
1972 2081
394 857
1691 1552
1734 1272
414 394
38 751
1205 397
1884 1659
936 175
587 1654
1630 1837
257 1272
1272 1352
787 233
962 1035
1927 2114
1989 628
145 1391
2020 1365
1896 1319
51 1974
831 430
1863 650
117 605
1913 2007
1005 856
1786 2068
630 1208
602 662
689 1307
1443 1312
1859 1606
945 1682
1275 845
1617 1077
1179 1351
14 833
542 256
118 1119
1751 1302
472 1348
2043 1504
763 1272
656 1992
702 899
993 1714
1630 1207
1869 935
116 1561
714 1904
1787 657
1565 996
1109 426
580 981
2080 498
1578 1244
1599 1757
1807 33
584 1240
1884 1439
669 1095
441 624
1643 947
1461 467
1982 1638
1807 1745
506 1994
691 1238
1993 1095
1670 807
1590 1455
1885 1095
2047 1712
38 257
1391 1435
307 1990
782 779
1517 934
2112 1288
1712 1468
259 1814
518 1849
255 994
743 533
1443 1095
1819 1333
1205 1208
2024 1264
483 338
1763 1835
2036 2024
1523 37
1546 2099
1837 318
1617 1714
655 522
1380 1723
2073 1885
1376 564
1244 1614
288 1913
812 1326
804 968
1489 1638
55 986
498 809
1644 1167
1071 1443
1626 1092
1687 1272
1409 1338
477 784
850 1700
1586 1103
756 1359
799 1976
1326 280
1590 1765
1150 1263
707 1755
110 995
1335 990
1714 993
1288 2112
1495 1698
846 634
980 490
1244 349
1167 100
257 1590
102 740
1460 113
672 722
1427 1698
172 887
118 1775
518 1687
1595 1809
331 1797
1801 1229
1761 1260
1670 1517
754 67
137 1849
1521 1807
1214 675
1629 1388
1252 2052
363 134
1798 512
157 1672
1849 897
247 846
1245 659
696 147
411 1608
1357 1745
526 988
106 1360
1388 1629
2040 1491
1180 1917
39 465
1504 1544
576 1890
845 302
613 1685
1711 1595
1417 182
983 1272
1946 1543
1561 174
1442 1838
166 1653
1811 887
1427 1270
14 600
1115 1811
134 2006
1729 1857
1322 588
759 1435
925 2114
1328 1147
302 1272
252 821
1863 359
971 1312
379 140
634 195
1446 2117
1315 523
302 1734
1857 1473
570 302
2034 15
498 79
1849 1734
396 146
203 775
670 463
701 1271
307 1705
1284 1302
2061 462
1946 1974
1095 1443
189 790
665 1363
1735 728
293 84
118 1517
21 1457
1819 846
1453 1497
646 1765
1894 1471
280 1020
1807 295
541 1762
1926 962
1977 54
280 1961
1128 997
1519 839
327 87
2102 1115
954 925
1158 1712
1611 961
1031 919
8 157
868 1544
1327 1385
441 475
900 2058
2018 358
1695 1179
2013 750
1456 1999
2110 2126
1399 229
981 1849
1698 1650
901 1859
132 16
157 158
424 75
832 1245
1302 1751
450 394
1803 2070
1522 1848
1848 100
2010 748
1444 1260
1040 1064
1723 763
1587 1595
1723 1352
330 1671
1572 373
1913 2096
1602 1629
225 936
1849 1115
1796 390
1563 309
1687 1512
2044 438
1729 1618
518 1937
555 35
1717 1380
1734 1352
1354 835
1723 1687
1927 1694
1095 1923
157 1895
460 1548
1663 1595
1945 574
1122 733
1598 792
1095 199
845 424
314 1095
1245 1959
1811 67
1485 1968
14 1264
1976 2024
186 1047
1859 807
1984 166
235 1749
1338 1618
954 808
2035 1320
251 368
1494 1136
917 558
1604 1187
1695 265
1779 1650
1245 1237
1213 1457
71 1777
1692 158
1079 1427
1937 1115
1859 1597
554 462
960 1781
1308 785
1136 1575
1544 1673
404 1095
1095 1187
1521 2024
330 1293
1272 1734
2007 1597
1302 523
217 1464
164 1887
1155 1306
137 64
2070 1450
1641 1152
1090 1409
1732 935
1187 585
631 369
541 595
626 1834
1675 1638
1361 1926
1890 821
1750 692
1684 1521
38 1959
947 1528
1302 295
779 782
1244 2059
185 831
1521 596
2092 118
1233 1225
1832 1300
463 670
82 185
1544 199
1427 1959
491 1394
1980 1115
2068 1849
126 1806
463 761
1365 2020
1333 1123
388 55
1918 405
1988 1471
1244 1590
132 1794
452 414
158 793
2024 1639
1190 2043
86 689
858 531
1085 186
63 1192
211 1604
1427 2107
63 365
31 1409
1880 982
578 1998
1079 409
1067 897
1507 163
1576 1744
1747 1450
1960 1255
1659 404
594 1650
676 1481
927 73
1093 195
1768 1095
1073 886
145 2046
556 1886
750 141
1452 1984
346 2078
1101 1237
285 1491
1064 968
78 1455
384 1357
1765 1655
2 1155
763 234
1868 38
814 1781
205 1117
791 1944
1521 794
574 1945
1 1569
961 1611
1410 421
1233 1959
829 1001
1134 1387
1597 1243
1884 660
852 1158
254 55
1653 166
487 1432
1569 612
1618 1338
1586 1626
947 1772
1954 814
505 1375
767 1885
463 1960
1521 1684
289 410
1528 947
1248 1751
54 1268
235 1394
1458 455
1705 1750
134 2113
2008 2037
1187 1395
1443 1892
951 1639
368 251
1561 1754
38 1272
470 205
839 1519
90 532
988 999
1670 1064
1233 1682
15 2034
1272 1380
1670 714
265 1775
1252 1845
1608 1859
1585 683
1958 282
354 338
1805 265
39 169
8 132
1158 934
2070 100
1435 759
1687 1365
1337 185
623 2079
1509 1521
1579 575
460 1585
113 1010
1680 788
342 1845
109 526
515 1224
1725 2030
903 1152
1807 1095
737 1308
1261 1804
1373 1694
750 2064
2030 2117
1131 1067
1771 1274
1250 572
137 1723
195 1600
1450 951
1279 1487
1713 1087
397 1205
1348 1387
1391 1471
1139 367
1981 539
533 743
74 1765
623 1175
1522 261
353 846
857 450
1650 1903
1937 1849
2070 962
450 704
1417 765
2107 2068
329 1857
2020 2069
492 1956
1448 1248
1136 90
1452 318
66 1559
800 394
2118 1108
1290 1204
867 1224
467 993
118 2092
962 82
1172 873
1477 526
107 2011
331 1653
1237 1101
67 132
981 1723
640 199
661 1560
118 1351
38 1233
257 614
94 1142
1097 970
1751 1714
574 1659
848 1095
1771 1540
1970 359
2055 699
1745 1801
73 1041
1473 1024
539 464
606 1670
205 470
660 2058
748 1614
1582 1142
1292 1845
386 1269
862 784
1048 1227
363 1765
518 665
1687 257
650 1800
1724 1404
2078 319
268 1524
1715 1466
1903 1698
1245 64
1466 664
1840 1917
1315 60
1010 113
1167 1644
1178 1956
526 109
140 768
307 107
1936 1427
819 919
634 299
576 402
1244 1578
394 800
523 1885
186 1663
873 1172
1135 1665
1630 1926
1402 245
831 1337
1880 1095
331 1423
1366 768
1723 1336
576 1515
929 64
656 2050
1968 1857
199 1544
254 532
1152 903
1805 1095
1115 538
556 1155
426 331
1848 1272
716 1730
18 1771
1302 1284
2067 2046
1581 830
1542 1009
261 1427
320 1522
1288 1543
324 1363
1356 370
951 1734
1723 1849
595 541
1804 272
417 477
994 1810
1958 1966
1255 670
78 626
1942 68
1284 220
1600 991
1993 1083
1138 1344
1723 1272
309 1563
727 133
1322 1097
1037 52
494 1138
1508 1376
1832 249
1526 458
441 2127
970 1097
902 1012
18 633
1235 1554
696 1276
1755 863
1890 576
46 1566
468 237
1712 2047
1103 1586
1053 689
1853 602
377 1732
625 346
320 1254
412 478
1103 1092
101 477
1166 383
280 947
536 988
1062 1345
67 1811
2028 1997
220 1611
19 1503
331 1329
744 639
2047 1116
655 331
642 1859
137 302
247 1333
1231 69
333 1840
1712 1158
558 344
404 1659
427 1495
1867 1320
496 1528
1446 2036
664 1466
1317 1385
1353 1661
1376 2108
1894 2088
1861 873
1491 285
1880 971
1095 1770
1443 1009
257 1233
1450 1256
892 1136
1095 547
1368 929
491 1591
2064 2013
19 1544
1414 1340
948 1505
1272 137
1558 1325
366 1276
1985 981
1079 899
1309 1425
1973 775
460 816
1745 1807
997 330
2036 1507
2120 1383
895 2030
1480 115
936 225
785 1308
1225 302
1238 417
512 1798
771 257
1080 310
32 1969
1126 1362
48 263
49 1731
1955 1945
1245 1985
1439 47
1937 302
712 722
1773 2081
137 1734
49 1917
687 919
960 814
1370 227
1849 981
846 1819
1245 388
348 1006
1001 787
877 1356
38 541
314 1327
225 1070
1826 1845
304 1975
951 302
463 916
166 1452
1095 1765
616 1852
1849 1131
213 1231
1917 333
249 1832
768 140
977 338
1409 665
1734 1849
1685 1222
644 1884
879 659
1628 1834
1385 1317
1442 2058
1931 1190
665 1409
52 1037
147 137
237 468
331 1149
314 1745
1700 100
1091 1352
1456 85
320 3
1385 314
2097 1620
2021 2045
1564 1176
86 1307
1233 1849
962 1760
687 819
2114 1927
2114 1109
273 656
456 1588
1648 778
1597 264
1617 1248
493 877
1176 1583
1156 2036
2052 849
599 1012
462 2061
423 338
685 587
1480 257
1679 1573
947 1643
1352 1091
1247 751
1114 952
2030 1968
951 1115
1590 602
118 1745
1248 1714
220 1004
1080 1970
728 1735
1590 374
1086 1095
1138 872
1788 1892
1918 2020
2051 1650
1765 363
873 923
1959 1352
1983 655
1826 1237
1382 2038
1936 1595
100 1167
175 225
177 1272
929 1723
1630 1224
1713 38
1595 1663
669 60
1883 858
1064 456
1345 1171
825 613
1428 1207
1619 1966
1839 1224
1513 1569
47 581
918 1606
52 302
1213 1229
1454 1387
1330 932
1238 735
1608 1650
1502 1937
899 1079
456 968
294 920
302 1037
1585 1765
1477 1381
725 100
1395 1725
1724 1224
617 1089
660 1755
1352 1734
1009 2105
1744 729
1794 132
1338 456
532 254
498 1276
1959 232
522 331
1408 326
1793 312
277 1621
1503 2043
1382 962
523 547
640 415
54 1721
1115 2102
1874 609
1272 128
419 1949
498 1410
1429 82
547 1807
1970 310
1092 1626
845 1255
1276 2037
1783 1997
1621 277
1009 1443
1602 1388
1884 1976
19 875
1245 384
1108 2118
1544 1190
1807 2110
55 1245
66 331
830 1082
1281 873
531 946
257 1734
1971 997
2059 845
498 165
1707 1961
1012 902
1527 1262
1934 465
1261 1729
1887 1077
1394 1376
789 1238
79 1064
185 1337
629 1851
1427 1457
331 1927
1865 364
1095 1743
951 1131
1590 2073
2034 1076
54 1228
1745 1663
1751 1248
988 2026
2066 469
1896 64
1460 1883
1936 1729
1269 1780
1734 1959
1569 2034
833 14
342 1381
1053 2113
413 1234
318 535
1785 318
413 2126
19 199
1807 268
1554 1775
421 1775
136 74
1543 1773
2068 151
323 688
1272 1699
1569 1513
291 830
1237 401
158 1692
1801 1978
846 1333
359 1970
1849 163
2030 1725
611 48
1883 113
1072 1717
255 1810
386 1112
1268 54
1681 142
1765 1262
344 305
947 1961
486 1556
1067 1849
38 429
1884 314
115 1480
577 1776
916 463
1115 518
1937 621
291 1082
1248 1063
1206 715
821 1038
401 1237
947 1707
1765 2081
387 814
1345 1062
456 1338
61 565
1563 195
1595 1587
1859 1604
287 1019
1272 1717
1779 73
614 257
1385 1263
1950 1758
1443 322
826 719
229 646
1219 259
1723 257
1748 703
614 1736
539 1981
1517 968
1045 1170
112 1569
383 1166
1745 304
67 1748
1292 1369
1921 1918
310 650
371 2124
689 1855
277 970
1834 1628
1734 1095
344 558
1095 432
1849 1937
552 1941
1278 663
1302 1590
693 867
433 1017
1694 1373
1687 1447
1221 1776
1827 384
2053 1354
1312 1385
1471 1115
1375 505
226 1521
1475 1585
371 968
845 96
1885 186
1765 2006
139 691
1863 157
1544 1504
82 1268
1849 1607
1945 1955
1262 2092
100 725
1101 1816
1450 1639
1964 926
1565 59
1487 1279
1457 421
1682 678
2017 617
876 209
935 937
2113 274
1365 1687
1175 780
1858 23
332 700
534 423
1204 1635
666 1059
1491 2040
74 1302
1816 1489
1175 1457
792 2086
1844 2088
289 1859
2030 895
137 1352
421 1832
1084 938
564 1376
1663 1745
1877 2044
2043 1503
160 55
1370 1689
938 1084
169 39
1119 498
1729 265
54 1175
1392 626
775 925
982 1880
953 220
1880 1578
692 988
962 1382
2127 441
1323 1938
1443 348
225 500
547 523
1816 1101
2034 1569
220 1704
113 1883
659 2073
1432 487
1936 1079
725 2070
1734 386
1741 2113
1473 1857
1729 1427
21 2028
447 2015
1229 1801
1831 1676
113 858
1580 1710
1723 538
1095 1993
307 216
1340 939
1966 60
1604 211
1801 18
1263 532
547 2110
626 530
845 2059
682 2121
636 1006
225 175
1936 523
1386 1495
486 990
2040 1729
322 126
60 523
574 1955
280 487
1302 74
1083 547
725 477
1180 936
1821 1884
1381 1477
210 1389
660 1662
1738 1905
2013 1422
1650 2100
536 1849
242 1543
302 845
986 55
1370 101
877 81
1243 1054
195 419
231 1238
1776 1225
183 310
1180 439
523 1054
137 147
1838 1442
1723 1959
1375 716
2011 1180
327 1381
1849 536
1190 1503
914 322
1913 1288
1606 918
171 2022
1544 701
518 981
239 1607
462 554
1262 1527
1005 2105
988 1529
565 61
342 1903
1082 1581
1272 1687
1597 1859
1262 1443
1517 861
1845 1292
2077 220
602 1853
1312 404
558 894
1357 1261
1131 951
1687 302
2011 107
1859 1670
363 1095
385 1535
498 1385
518 302
1037 302
1972 13
1687 1734
1333 1433
725 1563
590 843
189 523
1734 541
1905 1738
790 189
1272 518
1334 807
2098 1694
1857 988
692 1750
1687 1849
964 513
871 1095
1707 947
1639 73
337 1265
1734 1015
1123 1333
1290 510
1003 223
1903 1381
1663 931
797 554
1845 1369
310 1080
1095 1272
993 1435
729 1744
54 1977
554 1832
1245 413
1507 1498
1227 755
722 1822
725 231
1729 523
195 299
1090 579
692 773
981 951
37 1556
1663 1085
619 1387
100 867
2117 1275
1391 2046
274 1312
1468 1712
2024 1976
602 1308
59 569
1595 769
1729 2103
338 354
665 1338
1258 526
221 1469
1381 456
500 1346
1876 1254
1203 2088
1381 428
1698 111
929 1985
1974 1946
1644 242
2069 1365
799 911
1561 116
180 988
1639 1450
348 1443
1553 1035
1837 1224
1749 183
1337 1729
477 725
877 1815
856 1006
305 1042
1980 731
1949 938
1966 1743
1604 1723
17 464
1937 1391
1773 1543
61 2051
1507 1443
618 340
1792 597
1155 1149
629 1327
1859 1139
2096 747
1255 1120
1312 2092
1068 1978
2001 976
1608 1606
1079 1936
365 1915
199 1095
1147 374
1754 1561
310 434
1504 875
789 105
1650 1608
1187 1619
1190 19
161 925
924 1614
1233 678
1380 1233
182 983
1723 1734
1614 1244
1734 518
1624 50
1152 1641
646 1913
768 1387
667 1575
626 1628
634 2127
1667 584
461 1327
1698 1482
1369 1292
426 1109
2073 1245
1525 678
1698 1495
558 339
619 328
1937 1502
714 807
75 2011
1087 1713
1272 981
856 1005
25 1840
1583 580
1964 53
302 1564
1262 1765
934 1517
2092 1312
1361 1609
302 570
417 1238
1920 1133
1585 460
383 2003
1750 307
1387 1348
1837 1428
2069 1687
1985 137
1707 1012
981 1734
170 765
1959 1734
223 59
2015 447
133 381
137 951
1953 1082
1308 737
55 822
64 171
65 157
2014 2020
881 283
799 1191
1368 1568
318 266
498 559
526 1138
1545 1764
1095 1569
600 636
1738 1564
246 1202
1825 2075
1937 518
1788 1443
386 1502
1765 1194
2034 680
2020 2014
2114 161
457 1387
1963 1185
1607 239
1680 1139
419 994
542 1346
90 1136
549 2103
1717 1072
1692 793
872 1138
59 1565
1731 49
1757 1042
198 1060
1765 1827
1443 1262
6 399
1765 121
730 1454
308 245
141 2013
1597 374
2053 835
234 763
591 2039
680 424
1395 1187
1936 1312
747 2096
1483 1402
1005 1009
1608 74
776 1357
257 1687
488 7
1077 1617
1784 2076
428 503
317 602
159 1518
1227 1048
1124 1963
1595 730
333 1265
536 2068
1866 1299
236 1824
270 2085
1245 187
1498 1507
2120 1238
1455 1590
1192 63
972 874
302 1937
1822 253
2080 79
294 1199
1079 157
1792 74
1973 1640
854 782
91 1239
2068 1320
1845 1903
1155 1604
1650 2051
1089 617
518 1734
1997 2028
1665 1135
1095 1521
1063 1248
699 2055
1064 1670
498 1495
1884 1821
1143 236
1414 548
1960 463
1594 1141
257 1480
1507 1262
175 1514
867 1316
1655 1765
1919 2074
1006 1443
2043 1190
1376 1810
951 1937
318 1837
738 1392
397 2028
1185 1963
1038 821
1937 1959
1725 1346
1840 25
257 1352
1195 2120
1753 1475
877 307
894 558
794 1262
1735 1599
1076 2034
49 427
1988 1418
1590 2082
1765 1832
1205 252
2105 1005
1312 1936
645 2043
133 584
1141 1886
1443 1788
1139 2040
1262 1312
974 367
1914 424
793 1692
1312 274
1431 234
1952 1224
962 100
1771 18
823 1992
1762 467
1985 929
607 1734
302 1723
288 1617
1955 574
641 1460
1263 1385
1659 1312
808 910
1711 1698
69 1206
1227 1627
1023 399
1265 337
1732 1928
427 176
1807 832
1729 1213
683 1585
1502 1377
499 99
970 277
427 2081
1764 781
1115 1734
832 540
2074 1919
1054 1597
1725 1395
1904 714
1734 943
1749 235
1635 114
1638 464
1312 1443
1734 1115
526 1477
1235 1370
2032 1232
274 432
1307 689
2085 1749
1913 1751
1554 1292
988 536
821 1208
1079 1595
794 1521
532 1263
1439 1821
573 873
1381 327
1427 352
1857 63
1775 1812
1593 1233
38 1849
1392 1834
863 124
1632 2081
38 1810
1694 1385
355 1497
1179 1695
1729 274
369 500
2059 1244
892 90
1765 1585
1327 1845
134 1972
79 54
1729 473
1272 1959
636 593
1775 1561
1272 1225
60 669
1600 195
1381 1903
55 388
318 1452
962 725
1606 1695
834 1866
910 1790
858 1251
38 1376
1338 1580
474 1906
2024 440
1317 1972
681 749
1231 213
1208 962
927 1765
299 634
1385 1965
1422 280
672 1618
1938 1323
1698 498
1224 1952
790 1524
1425 1309
1312 1495
437 2015
1191 1501
1225 740
1586 1092
203 912
1978 1068
1958 2121
1765 1102
428 1381
559 498
90 763
990 1556
814 383
158 667
2086 1598
1102 1765
954 2114
1966 282
1265 1917
2113 134
1822 1618
1168 1663
1963 1124
1443 1071
280 1326
414 1268
2069 2020
1093 299
693 1167
1820 307
587 685
1528 280
195 1843
731 1980
983 182
1568 1368
683 1729
627 46
534 1262
875 1504
809 352
64 1245
440 980
611 1392
1937 951
421 1457
1859 1608
1758 186
1495 1386
910 808
120 770
621 1937
64 981
763 90
4 810
1479 1720
440 787
788 128
499 1527
1115 1687
285 309
1009 1542
1095 848
1917 1517
1673 1544
1118 549
2034 602
1209 824
199 1993
704 2114
1873 1884
1831 330
1322 325
775 634
1653 1984
2021 745
1849 1959
1248 1617
1352 1687
399 6
461 314
917 1882
1187 1966
1146 1771
307 1860
499 1440
253 893
245 1198
2114 704
1307 1179
7 107
1970 687
1595 968
1730 1241
1033 760
192 971
1843 195
1375 1922
157 1822
1352 137
562 738
801 234
1233 1802
460 273
179 1225
1320 151
540 832
2011 75
1801 1300
856 1524
2006 1765
1842 1213
1644 100
2073 349
333 1917
1617 709
1765 1302
1272 1115
646 1158
1494 1021
295 523
274 1729
1848 1522
1478 833
2078 909
1934 2007
1406 1659
1917 2113
1883 1460
199 640
1138 1680
619 105
413 636
331 565
1312 971
1473 737
1127 746
775 425
2126 2110
807 1859
1501 2069
1962 211
338 423
1525 1682
1338 722
1765 646
1118 2103
626 1765
1764 955
1745 1991
1561 1801
2028 397
310 1970
1255 1684
249 1650
419 772
1543 1644
500 369
523 1807
1936 1284
1168 1012
256 1159
1852 616
1866 716
951 137
1917 1064
79 1745
1427 800
715 1206
206 418
1289 540
1783 397
267 1403
1777 199
1732 2041
1376 464
1714 1617
1457 971
678 1516
174 1561
438 1877
158 1575
602 1765
1742 1095
74 1608
1698 1903
1723 1593
334 1881
887 1811
2069 1501
698 1357
1698 1102
1723 38
1704 220
1583 2126
1564 936
1327 1650
2108 1376
1272 1937
1984 1452
1381 157
1254 16
751 1376
1939 13
1443 2105
1011 586
1992 656
980 440
895 988
1207 1224
1521 1277
1278 568
2105 1009
1085 1663
266 505
84 293
1001 829
186 1085
1840 1850
329 1473
1213 1842
1230 369
1394 491
1009 1966
1807 1604
1233 2123
1435 993
1035 1197
701 523
220 961
1714 709
1734 1502
962 1848
1738 1818
971 192
2051 61
2034 1368
619 1451
1884 467
441 175
2036 787
2039 2014
605 17
2031 1290
1012 599
821 1890
138 1252
637 1569
46 506
38 1734
134 274
1162 1732
1357 966
1687 2069
477 101
157 2092
472 1387
1849 988
1228 79
164 994
1458 669
1212 1327
1352 1272
1385 2001
1054 523
997 1128
584 381
223 1003
1812 1775
1088 1902
1357 1827
37 2045
1976 799
1224 515
157 176
746 1127
1163 1437
2103 1729
1476 1321
141 750
1573 1702
714 1517
1745 1457
402 576
1280 1982
1972 1317
1714 1248
1387 1522
1316 962
1917 49
1818 1738
1959 1245
1170 1045
1394 137
1738 940
1138 526
329 1245
1064 1517
563 555
1030 113
1207 1630
2020 1918
909 2078
1418 1988
1292 1554
812 1528
1272 763
1429 831
29 1965
582 149
2103 1118
38 878
1745 118
1684 1255
1415 1012
1960 670
2114 906
959 1300
352 809
349 2073
2006 1312
988 514
79 2080
1197 1035
1158 646
1522 320
1312 455
1380 763
2111 470
794 981
2094 1108
1959 1270
716 240
9 1092
1382 273
2105 1443
747 1495
1766 168
1383 2120
1764 1545
91 1445
708 1765
204 1443
1855 86
424 680
293 132
1337 1330
1008 1375
1502 541
834 1200
430 831
432 1482
250 151
1723 302
1221 365
1860 307
274 1807
1517 421
978 2022
1849 1352
1238 789
1705 307
584 2047
1312 423
755 1227
1504 1190
456 672
1698 1619
1848 962
1744 501
1065 871
1429 1337
867 2027
858 1883
2022 2125
2085 235
498 2080
1752 472
388 1245
1376 38
919 1031
1604 268
1509 1634
1394 1471
634 980
1251 858
832 295
1427 1102
1078 1723
1296 782
1644 2027
1291 1128
1843 1668
1095 1605
265 1695
437 447
505 1922
1550 1343
1857 1507
2005 1062
242 1644
1059 666
1974 2027
840 791
1578 349
1242 116
2020 1687
18 1801
1773 1653
1807 1770
1262 923
1447 1687
518 1272
2127 634
2040 1139
1183 45
1272 1723
821 331
1352 1959
2126 413
2068 653
1106 1544
307 1820
770 120
23 820
550 883
1450 1747
1446 1507
176 726
1917 1180
214 979
367 974
1556 486
49 2092
1895 157
1484 1706
1073 558
1319 1896
1745 1571
1255 596
720 1201
1765 708
735 175
434 1261
988 1664
188 1085
1564 439
1263 342
1062 2005
1357 586
1968 561
1387 619
404 1312
1008 716
1272 1510
1528 496
692 307
929 1368
1939 1765
988 1559
2077 260
216 1750
2004 1601
1884 1106
1428 1224
13 1561
655 1983
1906 1095
1556 1570
513 67
1936 220
1765 626
1717 177
1816 1035
1926 1155
2036 1446
1650 249
1249 178
1619 1698
1272 2049
1209 980
2041 1791
285 764
1561 923
981 1937
1233 302
2104 195
420 1221
470 1117
331 370
264 1597
1524 2073
75 680
1650 1698
482 855
1067 1131
1638 1914
64 1896
1817 1115
1158 970
1432 1521
427 1312
1959 1714
2050 273
1789 730
1025 1473
338 483
64 2022
1653 331
314 1053
1886 1312
899 702
374 1934
1670 606
1117 470
1604 585
1810 994
118 1381
2114 331
33 1807
1563 2104
1139 1680
988 2068
1381 421
391 1902
766 1253
342 1263
1638 1982
38 137
1917 229
1859 606
523 1315
157 8
1064 714
1917 1840
1732 1672
1293 330
1376 1287
266 258
240 1387
186 1745
1128 1158
15 1878
1338 1524
523 1590
1010 1030
1521 1255
74 523
1563 1400
1657 378
215 1313
1859 901
292 1109
2058 302
858 113
1432 803
807 1334
765 1417
729 234
1902 391
732 455
1801 1057
358 2018
873 573
925 161
2070 1373
1638 89
1187 794
633 594
92 225
110 824
1994 1028
1229 1857
1590 1244
765 929
1028 1847
45 1183
134 1194
1966 1187
1604 1807
2007 1913
1453 355
342 1910
1440 499
1521 1509
1438 1781
704 450
2035 151
1284 1936
2099 1546
132 67
2037 1276
1095 1086
2022 978
186 1885
587 245
534 427
500 225
1765 423
69 1231
73 1685
1132 729
419 255
776 1524
721 670
28 1494
1949 419
1312 534
866 198
1700 850
763 1717
916 721
82 831
1229 1213
1818 1386
2058 845
1102 1698
259 1219
1450 82
1414 1562
1373 2070
1340 548
1970 157
342 1291
1394 147
939 1340
1095 1805
1849 518
867 1974
1208 821
959 371
436 1327
670 1518
1959 38
1978 1801
1563 419
1665 1549
1866 1054
496 1802
1807 523
465 374
678 1682
440 1796
334 2123
1300 18
962 1926
1926 1361
56 1649
555 563
1225 1776
599 902
1101 646
787 440
1233 1272
1275 729
864 1767
1685 613
507 309
550 1378
1736 614
1595 1312
1543 1946
293 1672
1422 947
2116 1108
432 1095
24 400
339 344
16 132
1269 386
330 1831
980 1833
1781 960
1423 331
329 1289
636 600
863 660
410 60
1024 1968
1351 498
1974 867
257 137
1082 291
1564 1738
1410 1517
1771 423
1327 436
514 1014
902 1189
358 567
1522 457
73 1223
1172 844
163 1849
1382 656
1079 1006
1570 1556
1967 520
729 1275
1606 1859
1543 1288
1575 158
779 1296
1512 38
1268 1055
119 1604
2092 176
1975 304
2030 988
971 1745
1578 1880
1650 480
1944 840
983 666
302 951
471 338
1590 523
691 139
687 1031
302 2058
1589 1660
1115 1666
70 396
1985 1245
1687 981
855 1240
226 1509
1885 523
583 568
1020 280
726 1757
346 1468
233 1625
951 981
539 1667
980 36
693 571
38 1512
1888 269
1517 1670
1857 1427
1277 2077
1594 556
1661 50
1195 195
1757 176
964 113
1155 2
1261 1765
1848 1316
1866 958
1381 176
1021 1494
1862 1871
195 1093
1994 1847
54 780
687 1970
1524 776
170 929
1745 1632
2077 1521
1365 2069
1918 1142
1525 50
322 38
1062 38
430 1337
1875 2067
195 991
430 1429
1495 1312
2018 567
1556 37
1452 166
23 1051
1346 500
274 363
1337 82
1042 1757
1320 1867
429 878
1605 1095
308 587
1881 1363
663 1278
1521 1115
1385 720
430 185
1959 1723
172 1301
1852 336
245 1909
1781 814
1427 1936
410 1765
331 2114
1357 384
362 366
378 1657
2125 1095
1765 523
1563 725
1259 1245
2027 1974
1237 1245
605 1355
1371 1068
990 486
1689 1370
700 1598
1109 2114
280 1422
374 1597
1769 1209
527 506
567 2018
529 671
302 1115
302 822
1155 646
96 845
1814 1219
2024 1521
491 1666
1115 1521
1640 1973
1775 421
1765 1427
1302 1765
1233 1734
1495 974
2083 1283
881 1569
1327 629
414 452
133 971
1666 1115
1253 766
13 1768
1245 929
541 1734
523 1936
2035 2068
431 748
1095 669
280 1707
1992 823
878 38
684 309
1095 1083
1949 24
1095 1848
1729 1337
1523 351
1544 1473
2068 536
1902 1088
1561 1454
874 2049
252 1224
1505 948
1440 774
694 988
1117 205
968 1595
1961 1528
1381 944
85 1456
1540 137
1819 247
1111 938
1946 867
2043 645
302 1352
721 916
15 1076
1630 1428
988 526
1223 73
1417 170
1939 74
314 1454
1964 1233
2084 102
549 1118
966 1357
1898 1996
763 1723
1151 1958
545 1710
2059 2103
40 181
1028 1994
1095 314
792 1598
1403 919
1279 1846
331 66
456 1381
1241 1474
1452 1653
248 292
1155 1338
220 953
1976 128
1598 587
140 379
1474 1241
1834 626
1035 1816
773 692
1406 1312
678 1525
79 1517
1291 1913
1213 1729
1224 501
1765 1857
1035 1553
1429 430
321 553
1709 1458
2052 1252
664 253
514 988
1320 2035
650 310
38 1062
2034 49
440 128
1580 1338
1751 1913
585 1604
729 2108
599 1189
302 1959
1995 1908
1849 2068
2069 2088
1768 1740
1823 1864
397 1997
1625 233
1221 648
1791 2041
831 1429
1289 1473
907 1039
355 1453
1644 1248
2050 656
1968 895
1407 1617
1225 1272
639 577
523 189
1265 333
310 1863
1256 82
2104 13
1003 59
2005 615
1296 1855
656 823
727 584
803 1432
2037 981
19 2043
1391 632
1514 175
1312 1595
1435 1714
1721 54
1832 1765
349 1578
622 1556
1190 1931
1931 1544
1644 1543
1599 1735
553 321
386 1734
100 1926
1502 1269
1984 1653
128 1848
748 517
1296 779
988 63
1225 2084
60 268
218 450
764 1491
1422 1002
2085 270
1171 1345
1628 1392
981 929
974 1138
587 1678
1999 1456
1729 1495
1291 2067
1869 1732
2020 1391
146 556
1626 189
1959 1849
1233 38
1804 130
575 1579
1735 135
1528 1707
1849 951
560 498
1528 1746
645 1716
725 1848
1801 581
311 293
1776 1221
768 1366
113 1030
1248 1448
331 1559
814 1026
1855 1296
1427 1857
82 1337
988 3
1723 64
1729 18
199 1083
38 302
367 1385
612 1569
670 1960
1005 2073
1694 1829
1473 329
646 1670
550 1129
274 2113
1849 1336
302 1687
1521 1817
558 1073
1321 257
116 1775
1158 852
1780 1269
1745 186
1732 377
1443 574
1291 342
520 1836
858 946
1817 1521
101 1370
1427 1079
1352 302
1639 787
1595 1972
498 1351
419 195
1039 907
1638 1043
624 1778
2116 2094
1391 1872
55 12
1608 188
391 942
299 846
367 1138
838 1810
1288 1856
1670 1040
991 1600
13 1972
1837 1207
384 776
1369 1845
198 866
636 413
1819 704
392 1349
1626 1586
1734 310
1928 1732
1262 534
1054 264
2026 1608
722 712
1802 496
1391 2020
1272 1095
1271 523
1743 1966
536 1226
1053 968
82 1224
2113 1765
752 1755
1524 268
1543 242
282 1966
1381 342
1057 1801
1886 427
297 255
2088 1894
932 1330
2068 2107
510 1187
176 49
1908 1995
1765 1741
816 412
1751 1152
661 202
1959 302
1363 1881
729 2117
338 467
958 903
398 1890
919 687
609 1874
925 775
1517 714
751 38
1091 1495
32 848
931 1663
929 137
1702 1573
815 2016
1552 1691
1687 2020
421 1410
1482 1698
1503 1544
195 1195
1073 1387
1564 302
1964 1802
2080 1917
9 1626
1561 1842
584 133
805 1900
1822 893
1262 1857
1972 134
124 660
496 1351
1420 498
968 1053
1822 722
392 278
952 1114
1865 338
1890 1495
81 877
1533 1780
1780 1533
23 1858
164 1077
1831 1866
648 1221
955 271
1287 1376
903 1714
531 858
60 1095
1846 1279
450 857
1967 1978
1006 1765
1518 159
2088 1844
1583 504
1814 350
634 602
257 1849
759 1391
1857 1262
1765 1095
233 262
1254 1876
1233 2025
38 1713
1385 1554
107 877
1765 1507
302 137
305 344
1144 1615
1706 1484
1507 2036
843 590
1377 1502
126 1324
50 401
1288 768
1863 1080
874 972
1969 32
786 1081
1771 1146
1409 31
814 1954
2092 157
131 1389
2124 371
357 1302
367 1139
82 1450
1357 776
1581 1082
152 1585
1765 498
1068 1371
1481 676
1077 1887
440 2024
1370 1235
157 1079
883 550
725 1238
1330 1729
523 1302
91 1452
588 1322
738 967
379 768
1884 848
579 1090
73 1779
1934 374
1937 1734
700 942
1765 274
1797 1626
1443 204
2028 21
307 877
2117 1606
1517 456
2038 1382
520 2099
1443 1006
707 660
1810 38
49 1385
667 158
1765 768
1944 1590
1714 1751
652 1834
1653 1452
539 584
1896 1559
1659 1443
1695 1616
142 1681
330 997
1471 1394
1775 116
1619 1187
1708 1384
1522 1387
124 1638
400 24
540 1289
1276 696
181 40
1207 1837
1966 1009
46 627
800 1427
1325 997
1824 236
220 2077
937 1732
814 351
128 1095
59 223
1924 858
87 327
1716 645
1155 1926
84 1304
54 79
877 107
1778 441
556 146
446 1225
1230 1499
374 1328
1040 714
602 1590
1745 2018
326 1408
2087 150
470 2111
873 1281
1069 1779
426 1927
1272 1642
2085 1394
266 461
429 38
1187 693
1079 1561
1598 2086
469 2066
1064 1807
113 1797
1750 1705
161 2114
63 988
1170 50
649 721
1095 871
467 1461
765 170
1471 2088
498 1420
968 371
1865 2011
1844 1471
74 528
257 1912
54 157
381 1811
988 694
107 375
1556 277
1512 1447
658 1115
183 1749
1972 1597
1460 641
2064 750
1115 981
1348 1752
2108 1744
1768 13
624 441
1180 2011
100 1700
185 1429
2120 1195
1900 805
295 832
626 1859
629 0
1903 342
234 2108
600 14
1826 1158
460 77
147 696
799 1792
780 1175
234 801
237 798
280 812
971 496
1269 1502
1757 1550
1946 693
1968 1024
893 1822
467 1802
1106 1884
38 1868
1507 322
1372 1971
277 1556
1381 850
1967 1068
2107 1427
795 676
1042 305
581 1801
1435 1391
572 1250
427 1886
1776 639
1778 624
1807 547
2015 437
1009 2036
709 1714
1745 1085
1770 33
1712 1387
1673 1221
1768 1940
1394 1749
150 2087
1826 1369
1180 748
1517 2051
613 825
1507 1446
1937 1377
509 734
1535 385
519 1006
1256 1450
1245 1723
1298 1604
401 50
1394 2085
89 1638
1095 1807
1729 1473
1272 1848
1180 1985
587 1598
465 39
2092 49
5 412
1252 514
2113 1741
2043 1673
82 1429
1156 708
538 1723
1288 1644
1221 1673
1609 1361
1650 594
496 971
89 568
293 311
626 640
534 1312
1128 1291
1913 288
957 1022
1811 2076
942 391
1959 1937
1400 1563
38 322
1745 79
2054 184
2058 1442
1380 1717
394 1427
1917 1265
0 629
1511 2114
513 964
1781 926
1843 1862
48 196
670 1255
856 348
1970 1080
232 1959
1544 1931
1187 1604
2032 1468
1115 1471
1775 1554
1917 498
951 1687
1095 266
1866 834
1687 1233
1394 1309
1931 1
1330 1337
1784 1811
725 962
814 960
1272 257
782 854
1079 1765
2081 1972
965 614
1410 498
423 534
1385 239
1333 1584
500 1371
1544 1503
1544 2043
455 1458
265 1212
1131 897
75 1180
981 518
1381 1667
1845 1826
1455 1944
506 2059
1189 1012
1300 78
349 188
1962 1685
1101 1896
1391 23
752 660
1224 252
425 775
1771 1056
2113 1194
1095 60
99 499
1917 2080
1123 846
1387 768
1432 859
988 692
1752 1387
1956 492
1385 367
873 1105
1978 1967
1707 280
266 318
646 1155
1334 714
273 2050
77 460
569 2095
55 254
1457 1175
84 440
1036 383
594 633
1765 1196
2082 1590
1382 1452
257 965
1849 38
1458 1432
997 551
1729 1859
365 1221
299 1093
1321 1476
1810 1512
2073 1005
1849 1067
1965 1385
993 467
1569 1312
657 1787
1687 137
2007 1934
716 1375
1255 1960
2035 418
1443 523
1917 25
1270 1427
858 1460
1922 1605
1324 587
554 797
1771 1091
307 1750
1606 18
1473 1544
1886 1141
1723 1185
331 821
1316 1970
374 465
517 748
951 518
474 621
1682 945
700 332
1601 2004
1149 1155
1237 1826
937 935
716 505
128 1976
1494 1930
1301 172
899 973
1083 1993
821 252
2095 569
1807 274
132 8
2043 19
1223 2019
988 1923
660 1884
1001 1625
439 1564
1734 607
1083 199
100 962
158 157
185 430
636 1234
1611 260
2126 1245
206 106
1187 510
1040 1517
981 1245
1497 1453
2024 128
1312 1569
465 1934
951 73
1560 661
1569 1095
363 2113
968 1517
2027 693
1302 1054
1092 1586
1723 1380
1618 1729
504 1583
541 1502
73 1639
1939 1663
1617 1959
3 1765
351 1523
1659 574
1338 1409
309 507
748 75
310 1734
587 308
1741 1765
1348 472
1261 434
229 1399
1734 1723
893 253
1277 1521
496 812
146 396
1968 2030
480 1650
69 817
1972 1745
188 1608
1765 1079
484 462
1529 988
184 2054
962 932
763 1380
1471 1391
177 1717
523 1271
1512 1687
1792 11
1460 858
1019 287
2086 700
427 534
1660 1589
1555 469
1807 1064
1832 554
767 1941
1100 331
1850 1840
547 1083
1473 63
1064 79
79 498
364 1865
353 299
1102 349
934 1158
307 2011
60 1315
183 1577
1307 86
322 1443
1671 330
1454 730
1457 21
427 49
268 1095
1900 1376
1501 2088
1035 100
1707 1528
523 1095
1962 1880
1757 726
586 1011
1941 552
1556 622
438 725
1495 1890
1517 1410
1765 1443
634 775
1020 1150
436 76
1237 121
1521 1095
1765 134
528 74
1209 1769
1485 55
2026 988
1857 1580
1234 413
1518 670
1760 962
2023 2060
452 1055
526 1258
1252 138
128 2024
948 1680
981 794
1230 500
1985 1180
1047 186
1661 1353
112 741
1835 1763
1012 1415
1085 1394
833 1264
920 294
1337 831
716 1008
157 1863
1108 2116
873 69
1734 1233
2034 281
761 463
981 1687
233 1001
1885 60
53 1233
128 1272
1783 2028
729 1132
962 2070
1472 1944
1202 246
2122 1393
1219 1814
1103 9
1810 255
134 1765
127 1236
523 295
1138 367
252 1205
565 331
175 2090
261 1187
748 2011
1857 1968
1138 974
1894 1841
751 1247
1590 257
1765 349
929 1417
365 1192
374 1147
557 364
434 310
600 833
2045 37
322 1071
1626 1103
581 47
271 955
1856 1288
1943 1115
749 681
897 951
1085 188
199 1331
331 313
1002 1422
1053 724
2073 1590
1590 1944
991 195
484 477
75 338
1836 520
602 657
709 1959
523 1443
1917 1608
456 1517
1351 496
176 1757
1517 79
968 1064
1649 56
2058 660
125 500
1041 73
2126 1583
1066 981
183 137
2081 1765
50 1624
708 111
724 689
1849 1657
18 1729
1837 1630
1755 660
189 1626
202 1560
671 529
2080 1840
1452 91
734 1495
1516 678
1880 1962
1723 1717
1386 1818
1198 245
1965 29
418 2035
738 562
318 1785
1022 957
133 727
1433 1333
1811 1115
47 1741
1566 46
2068 988
2113 363
947 280
677 746
792 700
235 2085
1687 1723
363 274
86 1053
1497 355
72 240
349 1102
1023 6
1569 1
787 2036
2047 584
1142 1918
768 379
82 962
1060 198
1729 1765
1081 45
318 1946
781 1545
859 1432
1997 1783
1503 1504
506 46
1434 1870
740 1225
1634 1509
1956 1178
1959 709
1311 367
706 1918
1913 899
2011 1865
39 67
532 90
830 1581
312 1793
1092 1103
1765 927
69 873
1381 2092
1903 1845
2034 2103
225 92
1338 518
1457 1917
73 1769
1694 2098
176 2092
176 427
2100 1650
1595 1711
1352 257
730 1789
867 1848
1639 1849
1545 781
1758 1950
351 1026
1115 951
132 293
1926 1630
1806 126
1718 1414
1340 1414
1663 186
1595 1079
500 125
1771 338
1810 1115
768 1288
455 1312
239 1385
264 1243
1012 1189
1745 60
567 358
536 173
134 363
951 1067
1382 1427
824 1209
741 112
1615 1144
2006 134
1650 1832
1990 307
596 1521
216 307
498 1917
1564 441
1732 937
60 410
1796 440
923 1561
1961 1707
147 1394
524 1734
63 1729
962 1946
2123 1233
657 602
1829 1694
1521 2077
648 1673
520 1967
828 817
1873 799
1723 1245
981 1115
846 353
662 602
100 1316
1515 576
1428 1630
981 580
1678 587
1507 1765
38 1687
1289 329
1968 1485
302 310
1091 1771
1843 2061
2058 1755
581 1308
1238 691
1524 856
146 95
867 693
1827 1357
391 1088
467 1884
2124 118
555 1373
768 1765
714 1040
1422 609
1233 1352
78 1765
988 2030
1859 1729
693 1187
1767 864
1241 1730
383 814
1473 57
153 1950
199 1777
1723 929
329 1237
304 1745
1503 1190
1175 623
2104 1563
1422 410
650 1341
137 1233
1095 1742
798 237
1233 182
1184 1777
1357 434
1443 1765
1703 470
137 981
1378 550
1207 1428
2117 729
231 725
1586 189
1517 2124
822 310
1361 1403
882 855
1185 1115
44 970
1725 1095
2011 748
831 185
878 429
1575 667
680 2034
151 2068
1336 1723
1450 1373
936 1564
114 1635
434 183
393 1616
840 1944
49 2034
967 738
23 1391
1750 216
812 280
1385 1972
474 1937
972 2049
157 54
1276 498
427 1367
1743 1095
746 677
945 856
1524 1338
1694 555
522 655
1849 1272
18 1300
784 862
415 980
1736 257
1306 1155
659 1245
171 64
2053 27
1777 640
486 277
1672 157
302 981
1085 1745
2013 2064
1363 324
1729 683
1790 910
584 1667
322 1507
1667 539
911 1569
1801 1175
1712 1495
1141 324
1356 493
1559 1493
295 1807
961 220
268 60
245 308
1729 1580
602 1368
968 804
418 206
2125 64
128 962
1245 55
1115 738
2027 867
1389 131
787 1001
1849 1723
602 317
1056 1771
1391 759
1083 1095
124 863
851 1771
1232 2032
1001 1457
550 814
776 1827
1473 1729
1855 689
2022 171
331 426
359 1311
1180 498
1517 498
392 398
1327 1966
1694 1927
634 353
1604 1298
1362 1126
1723 1980
352 1427
313 331
1721 2093
1260 1761
1129 550
1807 1765
186 1758
1394 1115
107 307
1941 767
640 530
1322 1801
93 1341
332 2120
944 1381
926 1781
534 2092
1717 1272
1517 118
1561 1775
1759 746
1959 257
1584 1333
102 1225
1844 1894
490 980
1923 1095
1606 2117
2039 591
1670 29
1367 1235
1455 78
953 961
980 634
234 1431
1811 513
243 1711
602 2034
793 158
1597 1054
676 1290
394 450
1489 1816
1678 1426
1950 186
1217 344
627 748
1224 1404
2114 954
724 86
36 980
1432 1458
1030 1010
1245 1259
1272 177
135 1735
1810 1376
1772 947
1717 1723
1611 220
1179 1861
799 895
1527 99
680 75
1308 1173
1659 1884
1765 78
1224 1837
846 247
1604 1155
1959 1617
717 884
1141 1594
67 39
506 527
929 765
1167 693
738 1811
338 1865
166 1984
2120 691
1638 257
409 1079
1586 9
6 1023
1308 602
523 74
186 697
467 1762
1158 1826
1736 1089
824 110
175 441
1337 430
722 1618
49 342
561 1968
1115 1849
1509 226
2092 534
438 962
1077 164
1699 1272
441 1778
1849 1507
495 808
477 484
2049 874
1152 1751
1871 1862
1966 1958
1312 1262
1376 1394
538 1986
999 988
338 471
121 1237
804 1750
1414 1718
1255 1521
1234 636
726 176
2067 446
1745 971
118 498
1387 240
1641 1714
659 879
1745 1972
817 69
1698 220
1575 1136
1926 1224
689 86
1723 1078
1723 1233
789 619
1269 1734
1972 1385
1670 646
714 1334
1918 1921
650 1863
835 1354
1450 2070
1734 1269
2110 85
245 587
1642 1272
224 1055
137 929
1896 1101
1543 1653
1313 215
871 1065
926 814
1387 1495
1650 1102
700 2086
1976 1884
1159 256
601 1097
689 724
990 1335
2103 549
1849 1233
1870 1434
2046 2067
930 745
1848 867
1108 2094
1617 1407
1774 1324
1082 830
257 302
748 1180
1176 302
1512 1810
899 1913
701 199
817 828
1391 869
1801 1745
895 281
430 985
1629 1602
1327 767
1233 257
209 876
1363 1141
1987 284
807 1670
1809 1595
1811 381
1080 1863
73 927
1194 134
602 634
919 1403
1473 1025
523 1729
1458 1446
1427 1729
1368 602
90 32
424 845
1224 1188
1352 1723
2081 1632
1255 845
1544 1024
410 289
50 1525
660 863
1329 331
1562 1414
2088 1471
2088 1203
988 1857
818 1457
1597 2007
173 536
196 48
349 1244
1079 421
822 302
719 826
1849 1687
1869 377
1763 1779
268 371
1136 1494
1048 1818
1142 94
1687 1115
856 945
943 1734
1495 427
271 1333
1236 127
1051 23
1268 414
600 1264
867 100
1224 1839
1507 1857
1095 268
1472 1455
53 1964
1264 532
99 1527
1975 1745
1917 1457
1349 392
57 1473
1732 1162
704 131
848 1884
35 555
1510 1272
289 1291
1750 1990
793 667
63 1473
1849 1639
183 434
1770 1807
9 1103
2070 1803
299 195
130 1804
1698 1427
1682 1233
1590 1302
1861 1890
220 260
1017 433
1884 799
78 1300
1517 1040
2011 307
64 1985
257 1638
1376 1508
2103 2034
1857 1229
67 169
1840 2080
1917 1745
1775 265
295 1064
1745 1608
268 669
401 1245
